13433.385133743286
13195.331573486328
13232.527256011963
13987.480640411377
13336.893796920776
13462.533950805664
13255.636215209961
13332.303762435913
14445.16396522522
13823.142766952515
11172.298431396484
25881.097555160522
11308.330297470093
25426.79262161255
25403.2244682312
11186.871767044067
11437.174797058105
11290.42649269104
11492.015600204468
26218.10030937195
25222.813367843628
10990.075588226318
37177.7069568634
11193.979263305664
11526.537895202637
11374.157428741455
11326.003313064575
58680.58443069458
56177.40726470947
56708.348751068115
56935.49180030823
57335.40892601013
56378.42607498169
57872.58982658386
58081.41541481018
58063.14992904663
57978.55305671692
58229.20727729797
58211.85255050659
58678.889989852905
59862.03145980835
60126.21212005615
61089.571475982666
58747.967004776
59558.82668495178
60019.721031188965
60908.37645530701
61089.17450904846
62130.277156829834
10695.778369903564
10805.840015411377
10672.2731590271
10699.84483718872
10659.645557403564
10696.140050888062
10602.487325668335
10690.73510169983
10659.566164016724
10771.731615066528
10699.572563171387
10768.65291595459
10631.842136383057
10755.104064941406
10698.524236679077
10754.415035247803
10942.84176826477
10777.530431747437
10796.30422592163
10988.808870315552
10776.45206451416
10796.388626098633
10862.508535385132
10717.000484466553
10792.024374008179
10757.02428817749
10976.250648498535
10963.633060455322
28117.160320281982
27317.469835281372
28145.557165145874
28076.20406150818
28323.305368423462
27571.06041908264
28612.43438720703
27666.27526283264
27956.833600997925
27634.32765007019
28170.737266540527
51432.24906921387
63086.326122283936
62865.49949645996
12489.181756973267
11986.511945724487
16364.786148071289
11351.13549232483
12261.09766960144
11577.200651168823
12121.556758880615
11968.441009521484
11552.536725997925
12446.884393692017
11603.331327438354
12669.524192810059
12555.691719055176
12403.22732925415
12445.666790008545
24591.111421585083
25187.99662590027
24949.368715286255
12516.35193824768
25012.74800300598
25415.117502212524
35034.11245346069
21226.106882095337
21662.036657333374
21461.060762405396
21627.583742141724
60068.22466850281
61327.1427154541
60202.22544670105
61490.83614349365
61240.607500076294
61203.946352005005
61054.285287857056
61457.11708068848
62709.00344848633
61541.60475730896
62379.0123462677
59049.8046875
59605.682373046875
59306.487798690796
60261.82961463928
60289.75820541382
60327.00228691101
61108.69789123535
35096.18353843689
21600.524187088013
22454.45680618286
35377.6581287384
57737.13493347168
57829.704999923706
35804.325103759766
58575.934410095215
58603.64389419556
59885.76626777649
62043.636083602905
64660.63570976257
61180.469036102295
61044.76237297058
61149.84035491943
62584.10024642944
34844.34366226196
35144.55604553223
34836.38906478882
34888.15140724182
34996.72985076904
36677.67143249512
35134.57179069519
35114.96829986572
35132.05432891846
35200.432777404785
36721.44293785095
36560.07981300354
35398.16451072693
35362.40291595459
35411.954164505005
35579.787492752075
22537.34588623047
22831.401348114014
23124.37868118286
23042.555332183838
23153.316259384155
60550.299882888794
61154.00171279907
61755.47957420349
62209.69820022583
62488.74926567078
62445.73378562927
62557.05285072327
62677.25992202759
62936.17939949036
63362.34974861145
63469.71273422241
64412.90020942688
11649.810791015625
35138.38195800781
62285.566329956055
62155.99608421326
62820.958375930786
63260.72669029236
63419.17324066162
63109.705209732056
63297.401428222656
63630.11407852173
64241.97316169739
65147.234201431274
14173.9182472229
14342.897415161133
14259.491682052612
14280.25770187378
14256.502389907837
14432.384252548218
14355.589151382446
14296.516180038452
14559.130191802979
22078.136444091797
22310.468912124634
22419.93474960327
22576.127767562866
18774.133443832397
34275.79092979431
19109.644412994385
18979.49171066284
34138.62657546997
11263.34285736084
18954.46825027466
11273.860692977905
59050.281047821045
60263.80491256714
60109.85970497131
60742.417097091675
60101.31931304932
60357.02610015869
60540.93837738037
60421.13256454468
60474.91478919983
60474.52354431152
60936.150312423706
61755.02610206604
62466.397762298584
35745.86248397827
55317.864418029785
36190.03677368164
60201.67946815491
61459.752321243286
62173.39992523193
62699.04184341431
59416.78714752197
60103.75881195068
58389.643907547
59101.598262786865
19346.10080718994
19423.530101776123
21355.273246765137
19373.80814552307
20926.23257637024
21131.97112083435
19325.620412826538
19653.584241867065
21712.693452835083
19998.88515472412
28253.60631942749
7840.272903442383
8136.965036392212
28583.642959594727
28472.301244735718
28508.810997009277
11476.460456848145
40661.52119636536
20188.78149986267
20385.075092315674
19781.216621398926
20552.926540374756
62803.89213562012
63526.98087692261
63496.318340301514
65123.63028526306
64032.43446350098
64098.14524650574
64075.493812561035
64357.30814933777
64491.72401428223
64521.40164375305
23404.762983322144
64917.62733459473
64729.267835617065
66597.68414497375
60310.50181388855
59920.440435409546
61207.25870132446
61509.12261009216
59566.31779670715
60983.13665390015
61339.17045593262
61500.60200691223
62211.73334121704
75079.77151870728
75038.93065452576
75494.61579322815
75509.12046432495
75856.5104007721
75917.55104064941
76717.63396263123
76832.4830532074
77412.27078437805
77444.50092315674
77625.47612190247
77882.65466690063
78124.68886375427
78444.79513168335
78734.65728759766
78764.14251327515
81348.07181358337
7757.7643394470215
11239.29238319397
95163.51294517517
95010.95247268677
95619.1635131836
95660.12239456177
95773.13876152039
96056.56814575195
96219.00486946106
96643.33844184875
97125.85854530334
97961.77983283997
99484.19666290283
43076.92074775696
42666.056871414185
42269.80662345886
38802.84857749939
44236.46903038025
62963.1884098053
65371.57320976257
63686.031341552734
62684.5269203186
65011.71946525574
63847.898960113525
66482.19966888428
64458.4755897522
64591.421365737915
65223.9453792572
17255.14817237854
17277.231693267822
17271.857023239136
31521.292209625244
31624.09281730652
31605.966806411743
33912.835121154785
31558.727264404297
31869.163513183594
31850.9578704834
31893.934965133667
32178.06911468506
32553.203344345093
35520.63703536987
21045.172691345215
53613.64674568176
21278.9089679718
21042.21820831299
21422.176837921143
21451.926469802856
35921.15545272827
22059.555768966675
63271.49963378906
64208.728551864624
65311.352014541626
11067.399263381958
11239.097833633423
65779.61826324463
65835.98709106445
66293.23101043701
67179.32415008545
66558.22658538818
66975.53253173828
67328.10425758362
68218.50180625916
68214.1227722168
68438.00568580627
68784.17491912842
68624.53126907349
58817.00682640076
60653.21660041809
60598.53482246399
63143.24688911438
61216.819524765015
62584.98477935791
10968.490362167358
11890.84243774414
11052.552938461304
11022.527933120728
11120.620012283325
11180.357456207275
11202.217817306519
11091.615200042725
11085.000038146973
11681.686401367188
23837.678909301758
23628.291845321655
23825.567483901978
23907.68051147461
23670.12095451355
12024.477005004883
23912.461280822754
23993.542194366455
23756.48260116577
36068.774461746216
11652.885913848877
11631.632566452026
24371.80805206299
11592.22388267517
60331.08878135681
60446.06137275696
60504.329681396484
60593.80006790161
60830.74069023132
60880.436420440674
60764.03880119324
60998.04472923279
62116.36805534363
61833.19020271301
60157.888650894165
61282.63473510742
61406.325817108154
61469.815731048584
61788.40255737305
62705.80816268921
58837.49270439148
60214.40386772156
61903.77998352051
61843.0757522583
62817.65103340149
24819.069385528564
24920.475721359253
25021.29054069519
25216.357707977295
25183.60733985901
25151.120901107788
25333.133220672607
25314.212322235107
25318.907499313354
25315.35577774048
25541.693687438965
25449.362754821777
25574.270963668823
26552.24084854126
36807.95478820801
10801.464319229126
10625.341415405273
23018.11385154724
22046.698570251465
22613.41953277588
22612.71023750305
10090.198993682861
22861.00697517395
34304.611682891846
64490.0062084198
63750.76603889465
63867.52128601074
64137.34006881714
64446.731090545654
64977.47302055359
65299.15714263916
65610.66150665283
66417.01555252075
67135.4489326477
67585.5462551117
67675.68707466125
67859.61771011353
66235.22853851318
66652.47559547424
66549.73220825195
66689.16416168213
67770.71380615234
69785.88914871216
61608.58654975891
61988.89970779419
56278.241872787476
56697.885513305664
56488.87658119202
56815.81473350525
57103.67298126221
57083.8463306427
57282.10544586182
59029.15549278259
57375.79345703125
57295.08686065674
57894.70934867859
58073.66871833801
58435.11247634888
57876.678705215454
59024.53827857971
58237.667083740234
60425.08959770203
186038.73324394226
186104.46763038635
68326.21312141418
186452.69179344177
186424.20554161072
186247.5974559784
186476.29022598267
186690.9384727478
128926.64623260498
186595.5023765564
187028.5620689392
128786.51928901672
186994.89283561707
186700.05226135254
186995.95093727112
129508.27217102051
187164.31331634521
187132.48753547668
70467.93270111084
187261.54160499573
187105.65638542175
129249.21607971191
132514.19401168823
187911.67736053467
90905.97701072693
95163.97142410278
94706.88104629517
96714.17832374573
19419.44980621338
20065.41156768799
20130.720853805542
20331.732749938965
19712.050437927246
19519.002199172974
20043.352603912354
21376.86824798584
19818.78614425659
20713.271141052246
19850.63076019287
19944.47350502014
19952.843189239502
21661.567211151123
61745.91565132141
61390.93828201294
61257.184743881226
61277.80747413635
62317.713499069214
61320.80006599426
60974.546909332275
61445.42169570923
61334.65933799744
61942.200899124146
63361.311197280884
62292.24944114685
64209.2502117157
63621.17314338684
62663.774728775024
64701.63822174072
65325.071811676025
65679.123878479
66497.22528457642
70116.73212051392
70138.70072364807
29585.03007888794
70363.50274085999
70563.77363204956
70471.28343582153
70323.97127151489
70234.80081558228
70593.79315376282
71396.9976902008
63697.47495651245
65937.6130104065
6577.5651931762695
6751.383543014526
6678.001403808594
6685.967206954956
20290.58074951172
20197.63684272766
20188.154935836792
12919.761419296265
20452.333688735962
20274.545431137085
20316.034078598022
12976.507186889648
12952.858209609985
20493.234395980835
22494.46702003479
22407.138347625732
29885.775804519653
8766.650199890137
9158.04672241211
37220.26562690735
35985.25881767273
37843.483448028564
35989.574670791626
36029.72960472107
35997.424602508545
36086.86447143555
36707.809925079346
36259.374380111694
16307.730674743652
16652.567625045776
18519.933223724365
18364.12763595581
9036.771774291992
9007.101058959961
40041.988134384155
18504.937887191772
40073.17137718201
19282.023191452026
19402.925491333008
19528.597593307495
19657.162189483643
41001.66463851929
41411.94009780884
41583.71114730835
42016.541957855225
9014.574527740479
9015.653371810913
9010.723114013672
8989.238023757935
9033.605575561523
9017.537117004395
9003.857374191284
8998.631954193115
9044.11005973816
9006.558418273926
8993.15619468689
9016.04676246643
8999.064445495605
9001.89232826233
8992.485284805298
9023.43487739563
9007.40361213684
9012.343168258667
8991.76287651062
8988.31820487976
9015.33818244934
9045.300960540771
9040.266752243042
9026.369333267212
9024.152755737305
9028.318405151367
9034.47413444519
9051.212310791016
8990.930318832397
9005.967617034912
9004.575252532959
9002.446174621582
9032.963514328003
9004.9569606781
8996.82641029358
9017.842292785645
9009.275913238525
9049.083232879639
9014.166831970215
9036.707878112793
9017.951965332031
9031.166315078735
9054.039478302002
9027.713537216187
9067.03233718872
8996.786832809448
9008.431434631348
9025.012493133545
9031.82601928711
9009.566307067871
9014.999151229858
8991.67799949646
9000.02408027649
9071.99764251709
9014.006614685059
9018.503427505493
9024.633884429932
9001.999616622925
9033.33830833435
9041.892528533936
8994.096994400024
9028.0179977417
9008.8369846344
9009.75775718689
8987.868785858154
9027.730464935303
9018.877267837524
9044.917106628418
9026.1971950531
9013.844013214111
9032.18936920166
8990.476846694946
9279.53290939331
8982.859373092651
9002.12812423706
9008.126974105835
9026.532173156738
8984.999418258667
9014.065742492676
8996.05941772461
9057.152032852173
9070.260763168335
9000.754594802856
9002.944946289062
9078.491687774658
8995.750188827515
9018.644094467163
9027.183294296265
9038.654804229736
9029.165983200073
9017.960786819458
9051.770687103271
9005.820512771606
9009.122133255005
9005.760908126831
9071.39539718628
9025.327205657959
9048.673868179321
8994.102239608765
9009.185552597046
9051.774978637695
8998.305559158325
9017.143249511719
8980.489730834961
8988.962173461914
8998.690605163574
9014.08052444458
9042.998790740967
8995.702028274536
9014.475584030151
9000.890016555786
9015.689373016357
9032.483339309692
9061.079263687134
8994.488000869751
9011.76905632019
9000.534057617188
8995.45669555664
9034.63077545166
9005.891799926758
9001.06167793274
9025.16222000122
9009.723663330078
9041.85700416565
9029.883623123169
9044.646501541138
9006.143808364868
9004.869937896729
9035.668849945068
8997.9727268219
9026.512861251831
9008.777379989624
9003.154039382935
9028.216123580933
9006.386756896973
8993.582963943481
9006.00790977478
9039.038896560669
9045.921564102173
9037.437677383423
9031.821012496948
9022.052764892578
9034.293413162231
9026.3991355896
9009.012222290039
8988.048553466797
9007.791996002197
8988.463401794434
9000.014543533325
8989.428043365479
9020.100593566895
8997.31421470642
8989.776849746704
8994.093179702759
8996.911764144897
9001.3906955719
9003.289699554443
9051.787376403809
9033.373594284058
9014.839887619019
8990.594387054443
9018.632411956787
9006.19649887085
9006.271839141846
9012.957334518433
9030.46989440918
9046.711683273315
9028.744220733643
9013.202428817749
9037.565231323242
9073.253631591797
9029.983758926392
9007.779598236084
9012.88890838623
9005.29956817627
8990.976810455322
9000.785827636719
9058.597326278687
9043.28203201294
9051.610708236694
9007.054567337036
9047.191143035889
9027.976036071777
8999.513387680054
9016.95990562439
9084.572315216064
9008.428812026978
8999.165773391724
8989.693641662598
9001.48892402649
8983.70385169983
9056.433200836182
9001.318454742432
9057.650089263916
9025.890588760376
8983.198165893555
9040.712356567383
9021.921396255493
8999.09234046936
9002.591133117676
9010.915517807007
9030.603647232056
8999.273538589478
9014.126777648926
8995.161056518555
9016.902446746826
9067.33250617981
9012.483835220337
9020.846605300903
9051.20301246643
9044.78406906128
9036.214113235474
9031.5842628479
9039.89028930664
9020.57695388794
9098.340272903442
9053.179740905762
9048.635005950928
8999.989986419678
8988.735675811768
9002.686023712158
9011.197328567505
9010.397672653198
9019.641399383545
9032.53722190857
9021.803855895996
9046.76103591919
9030.552387237549
8995.370388031006
9031.081199645996
9014.16015625
9017.131805419922
9020.667314529419
8978.547096252441
9005.417108535767
8992.326974868774
9056.48684501648
8987.191438674927
9001.718997955322
8994.491338729858
9046.963930130005
9004.24599647522
8992.415189743042
9005.04994392395
9032.126903533936
9008.01420211792
8999.449968338013
9028.142929077148
9009.023189544678
9021.536827087402
9039.854764938354
9001.322031021118
9045.798778533936
9033.196926116943
9046.955823898315
9031.217575073242
9016.92795753479
9032.428741455078
9010.077953338623
9017.023801803589
9028.996467590332
9045.148134231567
9013.859272003174
9030.029773712158
9013.852834701538
9036.300659179688
9016.468286514282
9052.351236343384
9008.206129074097
9052.354335784912
9014.281749725342
8996.917009353638
9025.867462158203
9038.172245025635
9009.15241241455
8999.000310897827
9003.737211227417
9012.67147064209
9018.776655197144
9046.581268310547
9026.747226715088
9053.334474563599
8999.82500076294
9033.031463623047
9001.793384552002
9042.20962524414
9027.847528457642
8992.21920967102
9014.480113983154
9015.404224395752
9018.183708190918
9039.561748504639
9296.315431594849
9029.600858688354
8999.41086769104
9461.190700531006
9059.114456176758
9016.521692276001
9000.91028213501
8999.927043914795
9030.351400375366
9042.058229446411
9005.196332931519
9017.929792404175
9012.395143508911
9019.223928451538
9014.08076286316
9001.362800598145
9001.492023468018
9031.319618225098
9024.471044540405
9012.494564056396
9016.24345779419
8984.809160232544
9049.82590675354
9002.66170501709
9018.007516860962
9039.998769760132
9005.889892578125
9024.405241012573
9019.800901412964
9002.123594284058
8980.300426483154
9004.508018493652
9043.387651443481
8999.285221099854
9033.658266067505
9009.11283493042
9010.778188705444
9056.57148361206
8987.704515457153
9006.550073623657
9009.525060653687
9011.723041534424
9010.055541992188
9017.658710479736
9034.942626953125
9058.467864990234
9022.58849143982
9032.343864440918
8987.69211769104
8997.668027877808
9003.030776977539
9013.592004776001
9009.237051010132
9007.164716720581
9036.7910861969
8999.441623687744
8998.228073120117
9044.012308120728
9019.008159637451
9060.525894165039
9015.313863754272
9004.282236099243
9034.896850585938
8996.02746963501
9031.150341033936
9021.64626121521
9013.834476470947
9016.620397567749
9015.617370605469
9057.319641113281
9012.864828109741
9015.17653465271
9004.82201576233
9029.40034866333
9049.728631973267
9015.345096588135
9050.770282745361
9023.625135421753
9030.643939971924
9015.017986297607
9005.724906921387
9000.036239624023
9071.503639221191
8991.616249084473
9017.887353897095
9011.667490005493
9003.575801849365
9009.024858474731
9011.249780654907
9035.615682601929
9018.4645652771
9034.422159194946
9043.392658233643
9019.24467086792
9043.80989074707
9004.234313964844
9014.251232147217
9058.642864227295
9011.919736862183
9013.850212097168
9004.013538360596
9022.00198173523
9043.830156326294
9055.742979049683
9036.467552185059
9035.276174545288
9010.396957397461
9034.152507781982
9039.371013641357
9020.504236221313
9045.528173446655
9024.35278892517
9025.546789169312
9030.702829360962
9014.778137207031
9006.818532943726
9012.171506881714
9001.631736755371
9032.356023788452
9017.716407775879
9015.384435653687
8998.782873153687
9009.710550308228
8991.191387176514
9009.983539581299
9031.707286834717
9013.71169090271
9068.66192817688
9012.937784194946
8990.037679672241
8987.292528152466
9015.573740005493
9008.8050365448
9030.19404411316
8994.527101516724
9026.695966720581
9033.833742141724
9027.673482894897
9021.116495132446
9039.839744567871
8994.202375411987
9041.525840759277
8994.27604675293
8994.994163513184
9000.663995742798
8995.00322341919
8992.494583129883
9037.253856658936
9029.020309448242
9004.997968673706
9012.434959411621
9014.041662216187
9056.596994400024
9021.645545959473
9045.487880706787
9062.38603591919
9040.744066238403
9029.685020446777
8996.617078781128
9272.808074951172
9023.864030838013
9006.440877914429
8994.601964950562
8981.82201385498
9021.557807922363
9007.224321365356
9039.25609588623
9006.577968597412
9009.625673294067
9029.55174446106
9020.008563995361
9013.713836669922
9027.626991271973
9006.293773651123
9026.760578155518
8991.342067718506
9028.286457061768
8992.015361785889
9024.250030517578
9008.647441864014
9036.828994750977
9041.987657546997
9048.88916015625
9026.052951812744
9292.348146438599
9003.552198410034
9008.021354675293
9006.503105163574
8993.217468261719
9010.625839233398
9026.686668395996
9016.59631729126
9002.454280853271
9008.749961853027
9007.79914855957
9009.093523025513
9000.990867614746
9039.331674575806
9021.351099014282
9024.16706085205
9077.095031738281
9094.480514526367
9061.296939849854
9035.012006759644
9040.495872497559
9014.649868011475
9008.394956588745
9042.794227600098
9010.878324508667
9001.843690872192
8997.832536697388
9009.081363677979
9003.052949905396
9016.539335250854
9027.658224105835
9005.909442901611
8993.448972702026
8995.139598846436
9005.671739578247
9029.784202575684
9005.703449249268
9016.056060791016
9069.965839385986
9006.417512893677
9042.558908462524
9034.844398498535
9033.737182617188
9018.255233764648
9257.479190826416
9001.784324645996
8984.05909538269
9038.747072219849
9038.986682891846
9016.83235168457
9025.048971176147
9012.265682220459
9028.343677520752
9013.965606689453
9001.90782546997
9048.807144165039
9080.168724060059
9011.746168136597
9038.663625717163
8986.596584320068
9044.804096221924
9049.443483352661
9034.54303741455
9021.774053573608
9026.904344558716
9025.729656219482
9029.06608581543
9002.17604637146
9006.837129592896
9026.36742591858
9028.055667877197
9007.054567337036
8995.370626449585
9025.578022003174
8988.832473754883
9042.070150375366
9027.683973312378
8984.31372642517
8995.81241607666
9037.278413772583
8993.120431900024
9024.221658706665
8984.001398086548
9011.948347091675
9001.00326538086
8998.90661239624
9009.592771530151
9031.18634223938
9037.032842636108
9045.700788497925
9018.866777420044
9030.525207519531
8992.539882659912
9018.667697906494
9024.100065231323
9002.191305160522
9004.181146621704
9050.471305847168
9016.977787017822
8989.279747009277
9010.072231292725
8992.900609970093
9047.03140258789
9012.52555847168
9033.834457397461
9023.062467575073
9046.991348266602
9035.869836807251
9303.654670715332
9064.139127731323
9021.710872650146
9044.032573699951
9045.29356956482
9004.808187484741
9012.18056678772
9000.076293945312
9018.180847167969
9038.593292236328
9002.311706542969
9043.826341629028
8984.45749282837
9063.890218734741
8991.499900817871
9011.598825454712
9012.325286865234
9020.808696746826
9007.25245475769
9006.582975387573
9003.255605697632
9017.178297042847
8989.935159683228
9002.272129058838
9006.166458129883
9015.567302703857
9030.779838562012
9012.797355651855
8996.527671813965
9041.301012039185
9021.568536758423
9045.390844345093
9003.53193283081
9045.532941818237
8999.843120574951
9043.65086555481
9048.165559768677
8981.466293334961
8990.55790901184
9007.405042648315
8993.305206298828
9010.08915901184
9029.90460395813
9027.907371520996
8999.646425247192
9014.333248138428
9005.04183769226
9045.881271362305
9002.609252929688
9011.354923248291
9027.960777282715
9008.16798210144
9033.049583435059
9016.738414764404
9003.4761428833
9019.968748092651
9006.448984146118
8998.383045196533
9011.192083358765
8995.043754577637
9061.27905845642
9016.226530075073
9004.562854766846
9004.751920700073
9012.717723846436
8997.929334640503
9026.524066925049
9026.573896408081
9005.739212036133
9023.762941360474
9034.180402755737
9033.628940582275
9015.333890914917
9032.78636932373
9013.796329498291
9012.19892501831
9001.847982406616
9061.872482299805
9005.51962852478
9018.161535263062
9038.72537612915
9013.056755065918
9017.189741134644
8982.411861419678
9010.000705718994
9027.81867980957
9002.93254852295
9001.511573791504
9064.61787223816
8997.693061828613
9019.11211013794
8988.508939743042
9015.216588973999
9033.853530883789
9043.434143066406
9035.261631011963
9003.422737121582
8986.547708511353
9019.957542419434
9012.591361999512
9026.740550994873
8997.166395187378
8995.322465896606
9048.224925994873
9014.248847961426
8991.469144821167
8982.343435287476
9030.471324920654
9001.79672241211
8998.63600730896
8985.89539527893
9021.693706512451
9022.154569625854
9018.699884414673
9004.304885864258
9042.798519134521
9001.552820205688
9027.77075767517
9074.315786361694
9026.081562042236
9024.766206741333
9060.419082641602
9064.939022064209
9026.765823364258
9010.295629501343
9017.698764801025
9007.102251052856
9023.029565811157
9010.359764099121
9015.902757644653
9017.964601516724
9044.310569763184
9072.63731956482
9005.050897598267
9021.36492729187
9005.92827796936
9004.780054092407
9020.357131958008
9062.20555305481
9025.463819503784
9016.71314239502
9007.880926132202
9003.242492675781
9003.432035446167
9016.66808128357
9008.570671081543
9019.803047180176
9017.68183708191
9017.87281036377
9028.67841720581
9060.29725074768
9027.078628540039
9038.163185119629
9010.541677474976
9027.528285980225
9012.151956558228
9029.716730117798
9004.379510879517
9038.911819458008
9048.71678352356
9004.730463027954
9015.815734863281
9083.93907546997
9002.645492553711
9019.019842147827
9027.676105499268
9053.914070129395
9040.125131607056
9041.638851165771
9022.737503051758
9014.403104782104
8997.660636901855
8995.429992675781
9005.474090576172
9010.955095291138
9011.378765106201
9016.67046546936
9027.653455734253
9048.633813858032
9036.650896072388
9026.285648345947
9021.215677261353
9079.2555809021
9015.944242477417
9020.399570465088
9078.459978103638
9138.148546218872
9053.971767425537
9009.143590927124
9022.019386291504
9038.012027740479
9023.269653320312
9009.482383728027
8992.30170249939
9002.132892608643
9008.713960647583
9067.527532577515
8993.462085723877
9022.231340408325
8999.689817428589
9022.079229354858
9037.530183792114
9047.191381454468
9017.499208450317
9018.876075744629
9045.541048049927
9037.6296043396
9009.157419204712
10985.647439956665
9014.925956726074
9014.452457427979
9004.20069694519
9008.984565734863
9050.86874961853
9060.570001602173
9053.169965744019
9026.286125183105
9019.952058792114
9010.15591621399
9016.268014907837
8990.831851959229
9022.39966392517
8998.629093170166
8995.06425857544
9007.885694503784
8997.43366241455
9015.492916107178
9039.480209350586
9023.115634918213
9012.195110321045
9046.356201171875
9023.857831954956
9009.373903274536
9047.452449798584
9015.537738800049
9036.885261535645
9011.505126953125
9052.275896072388
9006.317615509033
9004.580974578857
8983.98208618164
9004.502058029175
8987.73741722107
9019.285440444946
8990.884780883789
9013.314485549927
9012.072563171387
9025.89726448059
8994.77219581604
9068.371057510376
9000.969886779785
9006.399393081665
9008.787870407104
9049.10659790039
9007.397651672363
9035.981893539429
9020.252704620361
9035.365104675293
9046.374797821045
9047.935247421265
9000.5624294281
9035.624504089355
9021.865129470825
9018.226146697998
8987.54596710205
9061.89227104187
9010.897397994995
8987.982034683228
9004.026889801025
9004.930973052979
9104.267120361328
9005.504608154297
9007.222652435303
9046.715497970581
9024.71137046814
9045.364379882812
8996.811389923096
8988.858461380005
9029.106855392456
9031.949996948242
9010.054588317871
9014.480829238892
9019.769430160522
9022.141933441162
8992.393255233765
9000.279903411865
8993.605136871338
9016.21413230896
9050.836086273193
9007.363319396973
9017.330169677734
9010.74743270874
9013.747215270996
8992.694854736328
8997.167348861694
8998.725414276123
9049.192190170288
9022.20344543457
9064.083576202393
9068.236112594604
9023.762464523315
9031.444311141968
9021.86632156372
9047.473192214966
9003.993511199951
8984.188795089722
9009.498119354248
9011.746644973755
9017.658472061157
8996.437311172485
9001.904964447021
9003.486633300781
9002.151489257812
9021.114826202393
8994.941711425781
9012.825012207031
9025.002717971802
9016.635656356812
8985.540866851807
9031.78071975708
8988.358497619629
9000.293493270874
9002.458095550537
9000.406980514526
9052.135467529297
8996.662855148315
9046.650648117065
9020.55811882019
9032.44423866272
8994.604110717773
9001.44624710083
8998.911619186401
9013.922929763794
9020.49994468689
9009.316682815552
8975.064516067505
9022.175312042236
9036.124467849731
9023.261547088623
9008.513927459717
9016.75534248352
9010.855197906494
8996.882438659668
9057.971000671387
9011.91234588623
9008.71205329895
8995.977640151978
9004.069805145264
9036.550521850586
9002.48908996582
9000.95510482788
8997.205018997192
9039.704084396362
9002.41231918335
9040.665864944458
9044.674158096313
9046.390295028687
9003.473281860352
9030.61580657959
9012.348890304565
9018.909454345703
9050.639390945435
9002.241134643555
9008.16798210144
9019.63996887207
9048.724174499512
9018.825054168701
8992.774724960327
9014.76788520813
9042.560815811157
9008.038759231567
9025.93207359314
8991.041421890259
9049.732446670532
9003.64637374878
9046.011209487915
9043.191909790039
9077.098369598389
9037.281274795532
9253.337144851685
8999.54104423523
8996.376037597656
9011.494398117065
8987.900972366333
8998.164653778076
9021.309852600098
9014.883995056152
8991.959571838379
9010.24866104126
9047.116041183472
8999.540567398071
9009.50002670288
9015.219926834106
8995.921850204468
9014.634370803833
9021.42357826233
9089.143514633179
9331.063270568848
9023.479461669922
8997.867107391357
9037.998676300049
9047.159671783447
9014.064073562622
9017.563104629517
9039.143323898315
9063.794136047363
9055.647611618042
8989.488124847412
9023.241519927979
9004.464387893677
9043.667316436768
9017.388820648193
9027.753829956055
9016.94107055664
9017.618417739868
9026.859760284424
8989.908456802368
9049.954652786255
9002.801418304443
9037.15181350708
9000.178098678589
9037.68014907837
9016.38388633728
8994.240283966064
8999.075889587402
9015.527725219727
9020.169496536255
9024.05333518982
9049.978971481323
9003.999471664429
9018.48316192627
9002.161741256714
9015.137434005737
9322.864294052124
9006.178617477417
8992.398262023926
9004.57739830017
8994.324922561646
9043.59221458435
9017.80080795288
9004.536867141724
9026.71194076538
9008.904933929443
9004.42886352539
9022.560834884644
9037.667274475098
9000.465154647827
9002.548694610596
9034.775972366333
9036.365985870361
9011.077165603638
9016.952276229858
9028.503894805908
9011.993885040283
9072.296619415283
9011.283159255981
9000.935077667236
9022.88818359375
9005.533933639526
9005.911111831665
9034.991979598999
9003.299236297607
9044.535160064697
9025.051832199097
8991.445541381836
8997.31183052063
9001.307964324951
8978.96122932434
8996.414184570312
8999.151229858398
9028.282403945923
9031.695127487183
8983.891010284424
8999.732732772827
9024.8703956604
9014.347314834595
9019.05870437622
9045.7923412323
9012.6371383667
9030.017614364624
9050.907373428345
9030.932188034058
9032.356977462769
9025.183200836182
9093.104839324951
9012.310981750488
9085.199356079102
9020.577907562256
9033.674001693726
9030.839204788208
9039.023637771606
9044.39926147461
9091.239929199219
9062.12306022644
9023.57006072998
9039.530754089355
9085.219144821167
9022.907257080078
9060.780763626099
9058.42399597168
9058.507919311523
9030.020713806152
9043.542623519897
9027.76026725769
9052.121877670288
9061.162233352661
9065.1695728302
9075.814247131348
9037.8577709198
9041.365385055542
9028.605461120605
9039.707660675049
9067.710161209106
9042.339324951172
9051.642656326294
9007.272958755493
9049.86047744751
9038.057565689087
9018.380403518677
9081.825256347656
9079.930543899536
9024.795055389404
9012.920379638672
9052.362203598022
9125.559568405151
9034.881591796875
9066.381692886353
9021.113634109497
9022.91464805603
9029.341697692871
9038.314819335938
9009.765148162842
9043.672561645508
9069.146394729614
9028.039693832397
9038.381814956665
9048.202514648438
9037.157535552979
9065.949201583862
9029.480695724487
9034.942865371704
9028.510332107544
9051.222324371338
9007.070302963257
9077.162265777588
9065.322637557983
8994.304418563843
9023.595809936523
9009.857654571533
9038.532972335815
9014.219522476196
8993.176221847534
9023.529291152954
8997.213363647461
9004.639863967896
9028.840065002441
9002.620458602905
9007.204055786133
9039.679050445557
9021.224975585938
8998.658657073975
9033.41555595398
8991.344690322876
8991.783380508423
8974.47943687439
9000.661611557007
9015.095710754395
9324.601888656616
8992.674112319946
8998.326778411865
9052.499532699585
9071.537017822266
9056.511640548706
8992.129802703857
9021.885395050049
8998.196840286255
9013.140201568604
9032.012939453125
9023.577451705933
8992.26999282837
9014.885663986206
9002.195835113525
9041.881561279297
8996.125936508179
9023.045063018799
9008.99362564087
8996.102571487427
9037.361145019531
9060.999631881714
9035.93397140503
9027.201175689697
9020.329475402832
9019.426107406616
9016.760349273682
9033.459663391113
9017.79580116272
8989.612817764282
8983.776330947876
9046.512603759766
9013.86833190918
9008.860349655151
8982.384204864502
9002.009153366089
8993.675231933594
8982.600212097168
8989.019870758057
8992.207527160645
9004.096508026123
8993.624687194824
8998.122930526733
9041.988372802734
8997.9088306427
9041.914224624634
9008.330345153809
9014.644384384155
9049.746036529541
9077.043771743774
9042.418241500854
9030.342102050781
9027.835130691528
9022.533178329468
9022.152662277222
8984.75956916809
8999.04203414917
9024.774074554443
9051.478385925293
8988.94453048706
9028.72371673584
9041.62049293518
9028.79548072815
9014.92977142334
9018.53609085083
9000.78535079956
9007.630348205566
9073.523044586182
9033.960580825806
9030.755996704102
9004.366874694824
9025.683879852295
9008.484363555908
9000.197887420654
8992.672681808472
9038.318634033203
9010.929107666016
9018.466472625732
9058.428287506104
8999.54104423523
9005.031108856201
9044.466733932495
9024.004220962524
9010.540246963501
8988.962888717651
8996.503114700317
9005.836725234985
9010.404825210571
9021.701335906982
8994.688510894775
8994.332551956177
8996.557235717773
9000.198125839233
9011.55400276184
9012.645959854126
9077.11148262024
9030.659914016724
9046.892881393433
9018.288612365723
9019.798755645752
9005.03420829773
9016.885757446289
9001.371145248413
9033.88261795044
9025.398969650269
9010.50353050232
9007.678508758545
9004.637479782104
9040.998935699463
9041.255712509155
9001.421213150024
9071.729898452759
9024.69778060913
8997.889757156372
9003.773212432861
9004.607915878296
8998.404502868652
9014.264583587646
9018.656015396118
9025.645971298218
8998.749494552612
8995.109796524048
9001.880884170532
9010.117053985596
9016.982078552246
8995.402812957764
9019.953727722168
9006.131649017334
8984.493970870972
9020.431756973267
9021.492004394531
9050.91667175293
9012.066841125488
9029.44040298462
9030.846118927002
9289.196491241455
9021.088361740112
9039.738416671753
8991.643190383911
9073.011875152588
9003.661155700684
8996.852397918701
9005.90443611145
9006.376028060913
9021.875381469727
9016.681671142578
9017.988681793213
9010.35475730896
9007.7223777771
9012.897968292236
8984.873294830322
9019.98257637024
9001.68514251709
8998.56424331665
9051.72061920166
9035.57538986206
9037.806749343872
9038.102149963379
9049.367427825928
9003.966808319092
9001.051187515259
9008.343696594238
9014.219284057617
9006.383657455444
9045.719146728516
9056.538105010986
9001.741409301758
9007.022142410278
8992.786407470703
8998.250484466553
9003.981590270996
9036.135196685791
9001.785516738892
8997.681140899658
9011.852264404297
9006.304025650024
9014.971733093262
9039.796352386475
9020.41745185852
9035.555601119995
9061.9957447052
9012.148141860962
9053.188562393188
9015.07019996643
9010.560274124146
9018.59712600708
9030.637979507446
9003.502607345581
8992.784261703491
9005.417585372925
9009.60659980774
9035.838603973389
9434.68976020813
9044.231653213501
9012.99238204956
9011.555671691895
9006.073713302612
9272.718667984009
9005.233764648438
9010.589838027954
9059.700965881348
8999.257564544678
9017.750024795532
9047.116041183472
9020.429372787476
9018.23616027832
9058.29405784607
9042.26279258728
9015.98834991455
9018.688201904297
8997.126817703247
8999.288558959961
8998.339176177979
8994.555950164795
9001.241445541382
9019.216299057007
8997.854232788086
8992.845058441162
9017.1639919281
8990.668058395386
9022.786140441895
9068.583488464355
8996.573686599731
9043.891191482544
9052.899360656738
9037.39619255066
9027.096509933472
9002.074718475342
9040.518522262573
8998.138904571533
9005.127429962158
9033.137798309326
9009.14716720581
9051.79476737976
9045.641422271729
9005.859851837158
9015.3489112854
9036.667823791504
9058.58588218689
9047.84893989563
9016.584157943726
9015.393018722534
9015.909671783447
9012.675762176514
9016.99161529541
9009.483098983765
9002.907276153564
9038.785934448242
9028.576850891113
9048.62117767334
9009.860038757324
9007.18069076538
9007.68518447876
8992.796659469604
9030.629396438599
9069.228410720825
8987.839221954346
8994.585275650024
8996.663331985474
9017.022371292114
9010.330200195312
9012.445449829102
8996.139526367188
8985.373735427856
9013.225555419922
9011.570930480957
9041.934251785278
8993.024110794067
9020.494222640991
9014.168977737427
8991.059064865112
9034.277439117432
9010.789394378662
9011.000871658325
9026.483058929443
9022.438764572144
9033.995628356934
9020.073175430298
9001.796007156372
9046.542167663574
9077.184200286865
9040.261507034302
9034.921407699585
9009.84001159668
8986.297607421875
9017.480611801147
9018.769025802612
9019.94800567627
9055.126190185547
9006.904125213623
9040.130376815796
9018.398761749268
9007.285356521606
9006.718873977661
9018.07713508606
9020.339727401733
9013.01646232605
9011.48009300232
9012.845039367676
9044.147968292236
9009.31453704834
8992.726802825928
9021.402359008789
8998.06022644043
9009.50002670288
8997.579574584961
9011.322021484375
8986.793756484985
9043.52879524231
9014.634609222412
9038.612604141235
9023.88596534729
9061.928272247314
9064.144611358643
9014.974117279053
9040.106773376465
9019.127368927002
9025.789260864258
9002.086639404297
8997.997760772705
9009.491920471191
9000.346660614014
9014.848947525024
8991.730690002441
9003.989934921265
9001.348972320557
9009.88793373108
9010.725498199463
9016.690254211426
9065.08207321167
9047.537565231323
9045.117855072021
9039.366006851196
9095.420837402344
8994.332790374756
8997.729539871216
9035.99739074707
9300.63271522522
9054.244041442871
9015.721321105957
9012.123107910156
8996.370553970337
9008.5768699646
9032.27186203003
9040.107250213623
9002.25853919983
9007.167100906372
9038.508892059326
9011.094808578491
9018.253087997437
8998.395442962646
8993.662118911743
9031.19969367981
9039.868831634521
9051.095485687256
9015.088081359863
9009.83476638794
9007.215738296509
9030.786037445068
9060.04786491394
9025.572538375854
9007.179498672485
9004.255294799805
9034.87253189087
9006.946802139282
9002.316951751709
9057.547807693481
9018.193006515503
9005.308866500854
9002.348899841309
9020.596981048584
9009.175539016724
9003.169775009155
9014.288425445557
9014.214038848877
9307.325601577759
8995.591163635254
9007.295370101929
9010.725736618042
9005.470037460327
9020.646572113037
9011.961936950684
9044.282913208008
9029.116153717041
9045.081615447998
9046.235799789429
9004.005432128906
9013.25511932373
9015.567064285278
9005.067825317383
8998.562097549438
9062.366008758545
9026.308298110962
9001.128435134888
8992.749452590942
8993.088960647583
8983.927726745605
9008.225202560425
9001.054525375366
9001.029968261719
9003.957509994507
9013.216018676758
9021.700620651245
9034.32822227478
9014.43099975586
9004.923820495605
9008.689880371094
9003.288269042969
9015.902519226074
9008.125066757202
9024.216175079346
9043.45178604126
9033.845663070679
9044.193744659424
9003.199577331543
9025.353908538818
9020.34306526184
9010.653018951416
8997.483015060425
9080.155849456787
9007.287979125977
9025.071144104004
9032.448291778564
9266.578674316406
9019.350051879883
9034.704685211182
9014.28508758545
9079.935789108276
9034.53540802002
9012.941360473633
9047.69778251648
8995.574951171875
9046.932220458984
8994.984149932861
8996.099948883057
9007.041931152344
8994.933366775513
9037.846803665161
9039.86406326294
9022.045850753784
9009.389162063599
9014.838933944702
9017.62866973877
9004.767656326294
8997.85590171814
9014.450550079346
8992.889404296875
9003.655433654785
8998.806953430176
8985.068321228027
9000.803232192993
9003.350496292114
9014.572143554688
9016.886949539185
9036.012172698975
9078.558683395386
9001.438856124878
9030.449151992798
8989.143133163452
9048.317193984985
8990.463256835938
9038.742303848267
9006.185531616211
9033.361911773682
8997.183322906494
9034.774780273438
9011.350154876709
9046.489477157593
9029.65760231018
9011.07144355774
9041.501760482788
9080.002546310425
9025.273084640503
9018.028497695923
9049.797773361206
9021.984815597534
9007.76219367981
9006.150484085083
9021.398305892944
9014.806509017944
9053.955554962158
8990.798473358154
9013.518810272217
8990.044832229614
9003.864526748657
9003.644943237305
9009.056568145752
8987.536191940308
8986.673593521118
8981.989622116089
9005.67650794983
9009.992599487305
9009.212732315063
9035.051584243774
9024.304151535034
9037.844896316528
9001.256227493286
8987.282037734985
9282.47618675232
9059.264659881592
9020.718336105347
9030.674934387207
9007.479190826416
9006.518363952637
9007.97152519226
9008.08596611023
9033.884286880493
9039.23225402832
9016.847133636475
9043.3189868927
9040.223360061646
9035.151958465576
9040.81416130066
9063.14206123352
9025.726795196533
9005.976438522339
9006.035566329956
9017.466306686401
9052.50358581543
9021.34919166565
9039.08109664917
9005.675792694092
9046.960592269897
9017.479419708252
9034.14535522461
9024.891376495361
9019.925594329834
9065.666913986206
9023.066759109497
9006.210565567017
9014.046430587769
8974.700927734375
8993.327856063843
9008.376359939575
9025.528192520142
8992.882251739502
8992.053985595703
9021.270275115967
9048.116445541382
9043.32947731018
9011.651277542114
9012.604236602783
9034.069061279297
9005.168676376343
9034.073114395142
9007.128715515137
9025.063276290894
9022.247314453125
9039.802074432373
9013.858556747437
9000.595808029175
9009.928464889526
9005.987167358398
9047.280550003052
9023.777484893799
9004.34422492981
8992.919921875
9012.97402381897
9007.158517837524
9007.688045501709
9001.460552215576
9017.233610153198
9016.438484191895
9047.389030456543
9032.951831817627
9001.26600265503
9009.746789932251
9002.50768661499
9021.458148956299
9003.878593444824
9034.846305847168
9075.72865486145
9042.937517166138
9027.27746963501
9000.754833221436
9024.482011795044
8987.170457839966
9044.607639312744
8984.093189239502
8996.971368789673
8988.821744918823
9019.338369369507
8999.892234802246
9022.820472717285
9046.372175216675
9005.8012008667
8992.466688156128
9009.467124938965
9011.25717163086
9006.336450576782
9026.376008987427
9039.417743682861
9010.162591934204
9017.616033554077
9044.107913970947
9045.078039169312
9008.781433105469
9009.856939315796
9027.336359024048
8994.554996490479
9016.198873519897
9018.10908317566
9051.52416229248
9008.53419303894
