962.4581336975098
958.8963985443115
960.9787464141846
976.3457775115967
957.1852684020996
941.0016536712646
980.2649021148682
390.73801040649414
385.9226703643799
411.53860092163086
444.0758228302002
446.41876220703125
421.54932022094727
416.69392585754395
382.70044326782227
386.8386745452881
390.87367057800293
392.31228828430176
376.09243392944336
382.8892707824707
395.3425884246826
386.90876960754395
386.6429328918457
380.74231147766113
386.4741325378418
382.321834564209
384.1695785522461
393.41235160827637
386.91020011901855
386.95287704467773
382.81726837158203
391.24488830566406
381.0429573059082
376.8784999847412
393.8555717468262
681.8654537200928
487.29753494262695
395.1263427734375
889.8916244506836
987.1976375579834
1046.318769454956
391.143798828125
386.089563369751
463.0410671234131
385.7762813568115
391.2220001220703
494.37713623046875
390.1052474975586
427.4129867553711
390.28358459472656
397.22156524658203
380.57470321655273
382.48276710510254
379.87565994262695
406.8727493286133
403.77306938171387
393.0199146270752
390.11502265930176
398.22912216186523
382.6885223388672
400.3779888153076
387.5744342803955
383.3296298980713
387.38465309143066
389.7569179534912
393.71490478515625
400.44546127319336
391.52026176452637
397.42040634155273
385.30826568603516
383.7141990661621
384.0162754058838
404.4380187988281
385.8344554901123
386.2602710723877
382.1444511413574
406.9230556488037
382.22241401672363
389.25814628601074
393.89753341674805
384.0985298156738
390.9265995025635
376.88469886779785
383.66031646728516
382.9960823059082
383.3937644958496
391.5238380432129
392.15731620788574
396.054744720459
377.5324821472168
385.6048583984375
381.52241706848145
387.331485748291
387.09163665771484
393.0850028991699
378.9784908294678
395.0777053833008
386.059045791626
390.77162742614746
390.72465896606445
394.4692611694336
388.62109184265137
376.9218921661377
391.30115509033203
377.8524398803711
381.17074966430664
393.34750175476074
398.5896110534668
385.6334686279297
381.06560707092285
394.23370361328125
381.7262649536133
379.88924980163574
394.4981098175049
379.9312114715576
389.2054557800293
388.72838020324707
395.81775665283203
383.49461555480957
384.3204975128174
415.5426025390625
388.8053894042969
410.4776382446289
407.1156978607178
385.8621120452881
375.629186630249
382.4300765991211
412.2285842895508
386.9059085845947
385.0076198577881
389.8041248321533
393.7397003173828
384.21034812927246
380.66673278808594
394.57154273986816
390.0728225708008
384.5033645629883
384.5384120941162
394.2844867706299
919.2466735839844
800.9817600250244
1194.1709518432617
685.2395534515381
1150.2676010131836
525.3119468688965
1133.2659721374512
688.7691020965576
419.07382011413574
427.6876449584961
389.97626304626465
391.1759853363037
489.60328102111816
405.9281349182129
387.5722885131836
392.60125160217285
413.90061378479004
383.90374183654785
392.0257091522217
388.5660171508789
391.1254405975342
384.25278663635254
392.0624256134033
405.8799743652344
393.5720920562744
383.47363471984863
875.1928806304932
580.4877281188965
576.9636631011963
712.7745151519775
1011.6775035858154
1380.784034729004
851.5791893005371
1867.4721717834473
1995.734691619873
869.7266578674316
944.342851638794
1441.004991531372
427.64806747436523
732.9361438751221
1037.3973846435547
476.8257141113281
1095.3965187072754
1021.8985080718994
874.0894794464111
963.0575180053711
742.760181427002
1672.5654602050781
797.7995872497559
941.9548511505127
455.3959369659424
1117.5453662872314
604.3658256530762
490.5076026916504
533.3902835845947
848.2298851013184
541.1233901977539
763.9508247375488
391.4835453033447
385.15329360961914
475.6929874420166
452.8799057006836
390.1486396789551
553.1520843505859
2238.4681701660156
394.50764656066895
439.9423599243164
398.14138412475586
385.18786430358887
463.49167823791504
378.9060115814209
487.8878593444824
386.54422760009766
384.6108913421631
389.906644821167
410.2208614349365
383.4667205810547
396.40021324157715
381.6823959350586
388.8258934020996
393.4190273284912
394.4385051727295
390.3546333312988
384.4947814941406
385.1029872894287
381.1674118041992
390.80357551574707
401.8290042877197
394.8233127593994
680.0417900085449
386.7807388305664
386.8899345397949
380.54490089416504
387.3615264892578
391.76297187805176
393.05925369262695
391.254186630249
387.47096061706543
382.610559463501
381.69312477111816
385.8027458190918
385.73765754699707
395.7083225250244
393.07641983032227
383.56494903564453
385.9889507293701
436.9540214538574
496.04129791259766
456.1774730682373
743.2315349578857
409.3945026397705
470.2770709991455
780.2002429962158
381.55055046081543
389.8131847381592
394.4990634918213
407.8361988067627
389.13679122924805
379.6954154968262
391.02816581726074
383.59761238098145
385.3456974029541
389.93120193481445
393.02515983581543
389.6145820617676
389.45984840393066
389.31727409362793
382.72643089294434
380.16223907470703
393.3589458465576
387.15505599975586
393.52917671203613
387.12048530578613
394.0412998199463
387.15600967407227
378.7226676940918
393.22638511657715
388.5045051574707
394.4108486175537
404.10494804382324
391.2534713745117
392.73548126220703
401.7672538757324
384.1831684112549
384.584903717041
392.33970642089844
403.1949043273926
399.70874786376953
396.3909149169922
380.83624839782715
390.4001712799072
391.18242263793945
397.91250228881836
382.6122283935547
385.4067325592041
391.1881446838379
412.182092666626
429.22472953796387
390.2416229248047
382.54475593566895
414.2947196960449
393.86963844299316
573.0831623077393
472.4619388580322
386.1806392669678
407.6411724090576
1249.3634223937988
1242.1844005584717
382.65180587768555
394.83141899108887
384.43875312805176
387.22753524780273
388.03839683532715
402.6029109954834
380.80430030822754
380.79380989074707
477.19621658325195
413.72227668762207
505.62119483947754
614.8688793182373
1829.270839691162
538.0210876464844
503.30615043640137
901.0965824127197
469.67625617980957
804.5437335968018
719.5446491241455
472.42188453674316
387.7079486846924
441.8201446533203
401.41844749450684
415.8909320831299
430.16910552978516
392.2288417816162
402.1131992340088
387.94636726379395
382.6322555541992
390.9449577331543
393.5074806213379
388.08655738830566
394.21963691711426
387.0706558227539
380.74684143066406
383.5880756378174
391.5231227874756
397.3081111907959
386.55591011047363
383.5797309875488
396.1803913116455
376.6903877258301
386.84773445129395
407.29236602783203
383.18681716918945
384.94300842285156
386.92283630371094
377.43353843688965
385.28990745544434
395.6146240234375
391.6656970977783
391.9796943664551
383.2869529724121
381.61420822143555
390.2111053466797
383.29052925109863
393.6481475830078
392.7178382873535
390.5010223388672
393.77880096435547
385.0383758544922
391.91722869873047
389.3446922302246
390.6271457672119
391.007661819458
397.4728584289551
382.37619400024414
381.81376457214355
388.1497383117676
383.73589515686035
390.9890651702881
396.5015411376953
387.7980709075928
385.17212867736816
375.37646293640137
386.3973617553711
398.9260196685791
392.6253318786621
425.87828636169434
381.10804557800293
459.3920707702637
387.64500617980957
662.8973484039307
381.79564476013184
387.30573654174805
452.8491497039795
428.9228916168213
505.4585933685303
499.3293285369873
520.2536582946777
378.8924217224121
389.22595977783203
402.435302734375
387.798547744751
395.66850662231445
387.96377182006836
404.5426845550537
380.15270233154297
386.43598556518555
383.76617431640625
393.51677894592285
387.03131675720215
394.2899703979492
379.8656463623047
381.9112777709961
386.3565921783447
383.85605812072754
386.81983947753906
391.94321632385254
396.0435390472412
377.866268157959
401.6120433807373
384.17816162109375
385.17236709594727
391.6757106781006
385.18357276916504
385.6501579284668
381.0751438140869
393.2785987854004
383.74948501586914
390.19131660461426
395.20978927612305
665.8198833465576
497.8349208831787
409.50632095336914
1043.752908706665
890.1059627532959
1352.5536060333252
381.96802139282227
382.5669288635254
393.91589164733887
390.91038703918457
391.94178581237793
385.6005668640137
386.2593173980713
397.45187759399414
394.4981098175049
394.7467803955078
396.79718017578125
405.0581455230713
386.05499267578125
383.40091705322266
386.913537979126
388.4406089782715
387.2823715209961
395.535945892334
740.3490543365479
386.34371757507324
416.38946533203125
393.33057403564453
387.866735458374
400.12574195861816
392.30942726135254
414.61753845214844
386.17730140686035
380.3231716156006
385.0564956665039
393.6350345611572
386.5504264831543
401.05414390563965
393.1143283843994
386.5084648132324
378.2970905303955
377.9938220977783
396.1987495422363
383.3744525909424
390.0442123413086
391.756534576416
387.97640800476074
378.4620761871338
384.716272354126
391.6277885437012
393.54920387268066
413.7005805969238
412.45031356811523
383.162260055542
384.904146194458
386.2791061401367
396.3758945465088
807.8711032867432
385.1666450500488
381.6332817077637
382.74550437927246
384.75680351257324
396.39782905578613
397.11451530456543
381.52432441711426
388.0283832550049
383.81028175354004
389.39452171325684
385.62989234924316
390.3322219848633
695.6882476806641
493.7615394592285
387.71772384643555
618.6215877532959
394.97971534729004
550.9481430053711
468.4016704559326
398.3771800994873
393.7067985534668
388.93961906433105
388.8101577758789
386.01112365722656
722.5062847137451
389.9717330932617
383.167028427124
394.3674564361572
393.0990695953369
382.1835517883301
386.7194652557373
379.4853687286377
395.97320556640625
385.662317276001
390.3496265411377
388.6446952819824
384.88030433654785
376.83844566345215
428.25961112976074
465.1021957397461
477.5230884552002
395.34902572631836
386.02280616760254
397.20988273620605
537.2636318206787
448.6696720123291
502.4752616882324
535.23850440979
540.4582023620605
394.8090076446533
614.6121025085449
466.16077423095703
385.33997535705566
377.8195381164551
386.8725299835205
389.6017074584961
398.4804153442383
384.78803634643555
380.09119033813477
402.1728038787842
381.9396495819092
384.04154777526855
402.3008346557617
394.5488929748535
387.76302337646484
387.94946670532227
377.20727920532227
380.33175468444824
391.6912078857422
384.6557140350342
389.9662494659424
388.4000778198242
391.42465591430664
379.76956367492676
378.53360176086426
384.6564292907715
397.2649574279785
386.00659370422363
396.1968421936035
393.81861686706543
375.1058578491211
388.80014419555664
381.0582160949707
383.6517333984375
380.45406341552734
374.33910369873047
393.1403160095215
384.80281829833984
386.3234519958496
395.22671699523926
630.0933361053467
619.6682453155518
578.7515640258789
443.7558650970459
521.6250419616699
624.1307258605957
627.9270648956299
395.7860469818115
383.9242458343506
380.5375099182129
392.2231197357178
391.79491996765137
391.3249969482422
387.3889446258545
387.95018196105957
383.3615779876709
446.29931449890137
376.4030933380127
394.2570686340332
394.3758010864258
386.044979095459
386.3217830657959
386.94310188293457
383.76402854919434
396.22974395751953
382.97414779663086
389.1115188598633
392.3077583312988
1352.43558883667
393.6140537261963
686.164140701294
571.2497234344482
386.2464427947998
394.7582244873047
1938.551664352417
387.1498107910156
392.20547676086426
409.5335006713867
402.8353691101074
462.1152877807617
482.81407356262207
400.01392364501953
397.45259284973145
397.2129821777344
393.06044578552246
392.7607536315918
433.4695339202881
394.47474479675293
381.56986236572266
553.447961807251
379.15945053100586
388.43321800231934
387.2263431549072
388.7898921966553
380.54633140563965
383.03494453430176
379.54235076904297
388.6756896972656
383.0404281616211
395.18022537231445
391.6897773742676
386.35921478271484
387.11094856262207
380.1712989807129
386.4929676055908
382.9946517944336
396.64292335510254
395.3742980957031
385.0111961364746
391.8449878692627
376.03116035461426
383.9240074157715
389.21403884887695
392.06981658935547
398.73576164245605
391.10636711120605
384.2144012451172
383.44836235046387
392.0295238494873
389.37950134277344
386.763334274292
390.5477523803711
387.18533515930176
383.58473777770996
393.39423179626465
385.1358890533447
390.51055908203125
388.3237838745117
376.83820724487305
378.3245086669922
398.4386920928955
380.97500801086426
446.1476802825928
379.6813488006592
388.96942138671875
391.21270179748535
382.22360610961914
448.06742668151855
424.38507080078125
410.16626358032227
558.9828491210938
621.8132972717285
385.4653835296631
769.8879241943359
380.3715705871582
382.13086128234863
387.4502182006836
402.0414352416992
391.3695812225342
386.0650062561035
383.52394104003906
388.9429569244385
384.9151134490967
382.27248191833496
396.61574363708496
394.58346366882324
386.77120208740234
384.8426342010498
386.28530502319336
394.86002922058105
381.5498352050781
385.2376937866211
387.27378845214844
393.87035369873047
383.3270072937012
394.89126205444336
380.39088249206543
593.4507846832275
773.9272117614746
787.7614498138428
603.7342548370361
402.9881954193115
430.54795265197754
417.5524711608887
509.66334342956543
443.54939460754395
816.1458969116211
1023.6001014709473
386.3410949707031
403.8083553314209
570.6229209899902
387.73298263549805
393.2340145111084
390.83313941955566
381.26134872436523
384.49740409851074
392.48085021972656
377.671480178833
384.9170207977295
390.8722400665283
388.45133781433105
383.93545150756836
381.56604766845703
400.968074798584
382.8001022338867
410.92753410339355
393.1095600128174
386.40832901000977
421.8015670776367
384.90915298461914
382.627010345459
389.7690773010254
390.2320861816406
388.0937099456787
387.56513595581055
397.4137306213379
390.2018070220947
378.0677318572998
383.7292194366455
391.0024166107178
395.251989364624
402.79364585876465
403.00607681274414
380.21087646484375
380.4185390472412
383.32319259643555
382.7488422393799
387.1042728424072
398.9262580871582
387.63928413391113
379.9571990966797
385.17022132873535
391.19625091552734
384.2015266418457
378.60989570617676
385.40172576904297
393.4307098388672
382.0030689239502
388.0016803741455
393.0389881134033
390.6066417694092
382.3375701904297
394.8862552642822
387.3443603515625
394.1655158996582
386.8863582611084
381.2060356140137
385.730504989624
380.92970848083496
394.7272300720215
394.2115306854248
388.30041885375977
380.3427219390869
380.9084892272949
384.4141960144043
385.18428802490234
394.9007987976074
389.1417980194092
397.48311042785645
384.9213123321533
379.29654121398926
389.5561695098877
395.05910873413086
393.3560848236084
392.64893531799316
385.8206272125244
450.34337043762207
413.2990837097168
526.7176628112793
398.70238304138184
1405.8468341827393
1540.3640270233154
1655.4057598114014
1606.9390773773193
1003.0958652496338
1104.3171882629395
1292.0217514038086
964.3301963806152
988.0592823028564
1189.0959739685059
882.6141357421875
1468.282699584961
830.1317691802979
915.3366088867188
407.3498249053955
633.0664157867432
1497.8668689727783
1151.4413356781006
1464.0605449676514
1877.5303363800049
1584.6338272094727
1288.18941116333
2738.8086318969727
897.3703384399414
1127.6218891143799
636.5878582000732
1438.6107921600342
1620.056390762329
980.7653427124023
1118.8018321990967
1111.2568378448486
610.1899147033691
1111.0899448394775
1474.9231338500977
1084.540843963623
1141.4382457733154
1069.9007511138916
1211.1916542053223
809.8676204681396
867.3999309539795
931.5578937530518
407.0899486541748
403.28192710876465
644.540548324585
590.059757232666
546.579122543335
613.8017177581787
639.2896175384521
403.5923480987549
453.58777046203613
444.0479278564453
579.5269012451172
432.3859214782715
387.0241641998291
404.1264057159424
394.14453506469727
393.8333988189697
384.2318058013916
386.46697998046875
396.775484085083
378.4785270690918
384.26685333251953
390.4728889465332
378.14974784851074
393.2080268859863
392.3814296722412
384.7496509552002
382.4644088745117
393.963098526001
559.3142509460449
582.0269584655762
451.493501663208
515.1841640472412
512.775182723999
391.7241096496582
497.07889556884766
376.27100944519043
401.00622177124023
382.48324394226074
388.4313106536865
383.12768936157227
387.41064071655273
402.04834938049316
410.6442928314209
444.95582580566406
383.11004638671875
396.9683647155762
397.56011962890625
378.9653778076172
389.7221088409424
390.1047706604004
385.5407238006592
392.66371726989746
388.90814781188965
378.85475158691406
395.6272602081299
387.3429298400879
395.1559066772461
390.1054859161377
381.92200660705566
378.65591049194336
444.1359043121338
384.7231864929199
392.9104804992676
390.8841609954834
388.32759857177734
386.83128356933594
391.6957378387451
385.20121574401855
385.8199119567871
394.12569999694824
390.272855758667
388.4234428405762
382.39407539367676
381.9708824157715
377.3055076599121
382.094144821167
393.6913013458252
390.1984691619873
398.09513092041016
381.9618225097656
378.39460372924805
385.451078414917
390.02060890197754
385.58506965637207
394.6540355682373
384.33027267456055
383.7924003601074
378.6790370941162
383.3765983581543
394.6385383605957
390.21849632263184
382.1678161621094
379.00257110595703
381.81304931640625
384.1977119445801
394.00672912597656
387.0856761932373
393.77856254577637
381.01935386657715
385.5247497558594
380.4445266723633
389.65702056884766
392.0128345489502
384.8292827606201
378.6590099334717
391.5245532989502
384.1729164123535
384.52625274658203
386.9302272796631
390.74134826660156
392.60077476501465
382.44080543518066
395.96056938171387
393.24116706848145
382.94029235839844
386.7762088775635
394.2151069641113
385.3449821472168
394.79875564575195
380.07235527038574
385.0722312927246
387.3152732849121
389.54639434814453
382.7831745147705
384.4871520996094
395.38025856018066
377.1989345550537
385.8151435852051
385.79583168029785
394.8061466217041
401.4122486114502
407.4137210845947
383.8999271392822
386.28149032592773
424.3452548980713
656.1949253082275
705.021858215332
829.1456699371338
897.132158279419
573.958158493042
474.6842384338379
566.7667388916016
506.6947937011719
643.7363624572754
1055.1517009735107
688.7459754943848
680.1886558532715
4083.9896202087402
1460.6363773345947
678.1716346740723
2133.106470108032
1321.3269710540771
717.2605991363525
1056.4846992492676
1177.7260303497314
1430.7050704956055
594.062089920044
510.1971626281738
4221.7395305633545
1402.5180339813232
1397.815227508545
6829.206705093384
877.3093223571777
4527.719020843506
3035.86745262146
4848.11806678772
480.2713394165039
1709.7749710083008
4869.595050811768
2241.6155338287354
6102.199077606201
3069.591760635376
7036.033630371094
1209.362506866455
7568.8135623931885
2086.455821990967
6702.166557312012
10097.5980758667
12008.355855941772
12346.661806106567
817.0926570892334
790.4541492462158
666.9249534606934
1012.2442245483398
683.9327812194824
2233.1340312957764
688.9915466308594
994.9090480804443
389.82176780700684
8355.428695678711
3796.8173027038574
465.20495414733887
5841.464042663574
442.51203536987305
6385.686159133911
1692.138910293579
1116.292953491211
2035.2423191070557
653.6173820495605
486.7856502532959
632.4441432952881
625.6461143493652
814.3441677093506
3077.3303508758545
422.6679801940918
517.2364711761475
388.61775398254395
421.7860698699951
1249.91774559021
1280.3466320037842
429.28552627563477
869.7426319122314
960.8845710754395
924.1793155670166
402.7719497680664
1321.798324584961
383.6061954498291
2122.0412254333496
862.9968166351318
760.2236270904541
405.383825302124
395.7366943359375
463.03677558898926
955.1308155059814
1343.0984020233154
380.1417350769043
555.0007820129395
387.0811462402344
384.6457004547119
960.2015018463135
579.596757888794
503.57627868652344
1604.2563915252686
393.93115043640137
2342.837333679199
1355.994701385498
398.6380100250244
395.9329128265381
628.4947395324707
972.2640514373779
399.47986602783203
1486.513376235962
2854.175806045532
972.5301265716553
383.960485458374
404.2372703552246
862.269401550293
666.8643951416016
644.7544097900391
417.4814224243164
397.0189094543457
408.2677364349365
1198.488712310791
536.5900993347168
668.2624816894531
401.1075496673584
565.7763481140137
443.35174560546875
470.15905380249023
380.462646484375
388.5178565979004
405.83276748657227
388.30113410949707
403.39040756225586
426.59640312194824
448.41551780700684
442.08478927612305
388.3352279663086
420.027494430542
418.1811809539795
393.28718185424805
712.538480758667
645.0388431549072
396.8031406402588
444.7643756866455
506.35576248168945
1094.8493480682373
388.6585235595703
407.75465965270996
823.70924949646
433.90655517578125
396.7158794403076
444.7751045227051
396.66223526000977
617.5363063812256
633.7506771087646
387.2179985046387
392.7133083343506
434.4773292541504
533.747673034668
398.18692207336426
379.6825408935547
411.29159927368164
384.5479488372803
496.0918426513672
388.8096809387207
406.86607360839844
402.1000862121582
443.406343460083
422.93620109558105
381.64472579956055
387.7575397491455
383.1963539123535
396.32630348205566
398.86999130249023
405.32374382019043
380.73062896728516
503.7381649017334
384.2647075653076
394.93727684020996
392.99464225769043
400.96068382263184
377.5956630706787
392.7938938140869
384.4020366668701
384.9952220916748
394.30832862854004
401.8986225128174
374.24731254577637
400.5763530731201
391.390323638916
400.77877044677734
388.8406753540039
411.3326072692871
394.2885398864746
396.81529998779297
397.28760719299316
387.554407119751
391.8123245239258
463.64331245422363
382.2052478790283
399.80387687683105
394.38915252685547
534.1067314147949
382.95578956604004
407.5169563293457
390.67959785461426
381.0431957244873
419.2671775817871
397.2008228302002
393.36371421813965
384.0949535369873
384.8445415496826
381.3154697418213
380.8305263519287
403.39159965515137
392.9738998413086
396.29197120666504
384.89270210266113
385.55312156677246
387.8960609436035
383.62598419189453
401.947021484375
396.37279510498047
396.18444442749023
391.37983322143555
391.4468288421631
381.15429878234863
386.5063190460205
715.2755260467529
402.2030830383301
391.6926383972168
381.145715713501
386.69586181640625
386.35754585266113
397.7398872375488
380.4306983947754
409.6364974975586
532.4139595031738
387.61305809020996
540.5254364013672
635.0758075714111
409.76500511169434
434.8175525665283
400.1655578613281
385.07628440856934
376.7738342285156
391.4527893066406
421.0360050201416
397.87840843200684
390.29455184936523
500.41818618774414
384.8576545715332
378.56531143188477
451.2467384338379
414.68334197998047
519.4332599639893
388.7002468109131
409.5349311828613
383.08119773864746
383.73279571533203
389.62769508361816
387.850284576416
392.9436206817627
386.02519035339355
384.17887687683105
399.84941482543945
381.45899772644043
401.34191513061523
393.9054012298584
393.7211036682129
386.22212409973145
384.5391273498535
397.1290588378906
381.17146492004395
400.14195442199707
392.7617073059082
387.56275177001953
403.827428817749
399.4414806365967
386.3205909729004
379.2085647583008
389.9827003479004
398.90050888061523
390.3484344482422
403.092622756958
392.75121688842773
387.4096870422363
379.50634956359863
387.0103359222412
410.5207920074463
386.08455657958984
392.81773567199707
403.4695625305176
388.5467052459717
375.882625579834
383.98265838623047
393.5213088989258
383.46052169799805
397.6309299468994
398.88668060302734
387.09330558776855
376.5904903411865
381.36744499206543
398.6968994140625
386.6569995880127
395.7245349884033
387.24446296691895
396.7726230621338
390.29765129089355
387.79640197753906
393.1565284729004
389.07885551452637
406.44049644470215
392.0004367828369
398.79560470581055
382.3082447052002
682.6841831207275
389.30344581604004
383.4974765777588
398.06556701660156
392.08006858825684
395.79081535339355
386.84773445129395
401.6408920288086
391.53409004211426
391.73007011413574
400.54845809936523
398.0112075805664
404.1275978088379
394.23370361328125
377.60257720947266
386.7940902709961
391.613245010376
385.7729434967041
393.2363986968994
388.4239196777344
412.81723976135254
385.4026794433594
770.8446979522705
417.3121452331543
396.8009948730469
562.8848075866699
721.6758728027344
582.6013088226318
522.6211547851562
398.72050285339355
391.8642997741699
389.2250061035156
393.63813400268555
489.2904758453369
405.17139434814453
428.4558296203613
389.90330696105957
387.6020908355713
425.8604049682617
384.70959663391113
395.1833248138428
375.8676052093506
397.97282218933105
381.5908432006836
393.5999870300293
387.88580894470215
430.30405044555664
384.5341205596924
380.17940521240234
403.3088684082031
389.6911144256592
397.7181911468506
380.0959587097168
392.1489715576172
394.0298557281494
390.9642696380615
382.1868896484375
387.96448707580566
402.3420810699463
409.11340713500977
487.09964752197266
424.5011806488037
394.5441246032715
425.81772804260254
499.86982345581055
513.5378837585449
455.23715019226074
444.23651695251465
395.8625793457031
465.30818939208984
399.397611618042
393.3520317077637
1060.8456134796143
378.96180152893066
385.699987411499
395.4918384552002
387.68649101257324
388.439416885376
396.2385654449463
376.697301864624
389.2672061920166
438.3502006530762
393.00012588500977
424.558162689209
384.24015045166016
398.6172676086426
378.2198429107666
394.63067054748535
397.3221778869629
392.61388778686523
384.8903179168701
385.53714752197266
388.72432708740234
389.3411159515381
401.15833282470703
384.20891761779785
387.19844818115234
403.25427055358887
390.13075828552246
409.4710350036621
396.07691764831543
390.8050060272217
382.0173740386963
400.3713130950928
531.3818454742432
400.986909866333
560.4362487792969
509.46617126464844
518.0091857910156
473.8049507141113
747.6866245269775
397.32956886291504
387.44592666625977
391.34860038757324
387.9895210266113
421.54645919799805
399.2767333984375
387.4850273132324
558.1696033477783
402.0366668701172
394.02270317077637
618.2734966278076
452.05092430114746
400.29168128967285
380.03993034362793
736.8543148040771
392.9178714752197
386.035680770874
378.9019584655762
433.3374500274658
401.0744094848633
393.41211318969727
489.8509979248047
674.1728782653809
426.06186866760254
401.017427444458
398.01502227783203
387.3302936553955
397.52745628356934
386.0771656036377
377.3829936981201
396.2860107421875
399.6710777282715
390.99860191345215
404.2620658874512
383.29625129699707
380.98669052124023
397.1233367919922
387.51816749572754
396.5895175933838
388.08751106262207
404.8142433166504
389.64152336120605
385.29276847839355
394.5467472076416
389.62554931640625
399.6715545654297
390.1653289794922
383.32080841064453
446.26522064208984
421.60749435424805
391.7725086212158
468.172550201416
404.07800674438477
441.119909286499
423.3279228210449
458.8620662689209
415.1585102081299
396.0714340209961
604.9771308898926
400.5422592163086
396.8017101287842
417.3851013183594
401.06987953186035
394.06418800354004
391.65711402893066
393.24116706848145
406.9809913635254
882.9388618469238
396.21973037719727
388.1206512451172
385.20359992980957
379.8661231994629
392.89259910583496
382.20810890197754
400.01630783081055
414.4437313079834
382.16090202331543
386.02638244628906
391.86954498291016
413.0253791809082
396.2085247039795
386.25025749206543
396.7859745025635
390.41924476623535
384.0980529785156
725.0075340270996
385.9398365020752
401.7341136932373
387.0081901550293
398.0872631072998
396.5628147125244
386.02399826049805
399.66392517089844
391.6184902191162
387.24374771118164
381.8166255950928
397.39036560058594
394.0002918243408
400.1936912536621
388.5970115661621
390.11430740356445
385.30564308166504
378.6625862121582
399.2726802825928
394.56653594970703
405.4906368255615
382.3258876800537
384.690523147583
379.988431930542
388.7348175048828
589.8079872131348
527.7466773986816
400.2270698547363
396.2888717651367
396.5492248535156
398.8840579986572
397.6423740386963
387.62807846069336
400.0546932220459
401.5016555786133
379.03642654418945
491.20306968688965
637.4821662902832
657.7799320220947
389.2347812652588
408.1399440765381
389.59312438964844
400.42924880981445
399.7077941894531
390.0785446166992
403.1367301940918
378.0198097229004
494.53067779541016
396.167516708374
403.5205841064453
457.8065872192383
385.19883155822754
389.7669315338135
376.4162063598633
390.95306396484375
396.467924118042
409.14344787597656
385.7746124267578
385.2670192718506
389.29080963134766
377.03633308410645
385.72168350219727
394.0548896789551
401.46470069885254
385.0572109222412
404.6769142150879
395.22480964660645
377.2552013397217
382.0371627807617
394.667387008667
396.21591567993164
387.653112411499
379.7287940979004
382.5645446777344
389.53304290771484
397.3236083984375
398.6232280731201
384.13071632385254
374.93181228637695
390.5007839202881
382.92980194091797
383.9764595031738
397.6118564605713
388.73863220214844
398.6544609069824
374.15456771850586
390.55609703063965
381.24537467956543
385.9896659851074
395.0650691986084
401.66687965393066
386.0893249511719
392.4829959869385
377.7320384979248
386.7225646972656
392.315149307251
400.73323249816895
395.0467109680176
381.4733028411865
391.40844345092773
379.4229030609131
636.2576484680176
568.2203769683838
519.7384357452393
785.5377197265625
819.9160099029541
412.0945930480957
1272.1807956695557
470.90888023376465
394.72055435180664
400.925874710083
396.72350883483887
387.0241641998291
374.50385093688965
392.08197593688965
384.74440574645996
391.65425300598145
398.1199264526367
397.14860916137695
420.6089973449707
415.9409999847412
408.97631645202637
395.3855037689209
395.89953422546387
404.5279026031494
387.85576820373535
405.4086208343506
393.9549922943115
401.7610549926758
403.0120372772217
410.6106758117676
386.01016998291016
418.1828498840332
489.9160861968994
395.9774971008301
578.2783031463623
566.2715435028076
436.8312358856201
397.9611396789551
520.132303237915
519.5035934448242
536.7858409881592
421.33188247680664
543.5762405395508
378.3459663391113
401.48425102233887
608.6249351501465
395.01452445983887
453.28474044799805
607.0089340209961
393.68581771850586
390.8698558807373
407.53746032714844
457.0355415344238
387.83764839172363
394.4427967071533
385.41245460510254
405.05194664001465
381.93726539611816
377.13098526000977
392.66276359558105
386.28172874450684
392.3377990722656
402.1625518798828
387.40015029907227
396.73495292663574
386.5363597869873
387.4096870422363
385.82396507263184
390.5313014984131
392.1999931335449
403.1515121459961
401.8666744232178
381.72459602355957
392.58456230163574
386.4912986755371
403.9039611816406
388.86213302612305
402.03118324279785
413.01679611206055
380.7823657989502
380.1732063293457
391.9482231140137
387.225866317749
406.85081481933594
396.79718017578125
397.9818820953369
377.69556045532227
381.32596015930176
393.4297561645508
384.387731552124
385.97559928894043
399.1851806640625
394.36817169189453
391.92986488342285
721.5502262115479
389.1425132751465
396.5919017791748
394.59729194641113
400.39777755737305
386.35873794555664
380.9523582458496
389.0049457550049
398.3614444732666
383.33916664123535
396.87561988830566
456.9993019104004
380.4605007171631
411.0238552093506
399.7611999511719
378.82256507873535
388.0352973937988
393.9669132232666
387.72106170654297
387.30692863464355
390.2440071105957
396.58308029174805
381.9863796234131
388.44823837280273
391.0186290740967
402.52137184143066
398.0109691619873
398.7545967102051
399.0039825439453
386.3346576690674
391.5820121765137
387.1486186981201
388.71264457702637
384.7806453704834
408.4491729736328
401.2284278869629
431.2772750854492
397.79138565063477
394.09708976745605
381.6361427307129
395.3695297241211
672.5120544433594
379.98366355895996
746.6366291046143
402.543306350708
408.39362144470215
623.9814758300781
592.7071571350098
531.27121925354
416.79859161376953
619.4822788238525
535.0193977355957
507.9822540283203
398.4851837158203
586.4508152008057
382.97295570373535
462.7261161804199
376.4951229095459
379.3668746948242
418.8275337219238
384.0177059173584
416.53895378112793
393.4495449066162
397.6879119873047
385.4849338531494
380.0475597381592
396.1598873138428
398.7383842468262
398.906946182251
388.6399269104004
447.36742973327637
386.2321376800537
383.61072540283203
412.1260643005371
406.1319828033447
406.1474800109863
399.02615547180176
382.8403949737549
387.68529891967773
540.8966541290283
495.558500289917
428.65729331970215
390.43450355529785
420.2308654785156
532.1040153503418
390.5153274536133
377.29763984680176
397.8922367095947
380.56063652038574
392.57287979125977
400.3787040710449
389.00089263916016
389.0726566314697
404.4148921966553
398.2973098754883
386.69824600219727
399.566650390625
393.36228370666504
388.3380889892578
384.5021724700928
378.4487247467041
402.2958278656006
399.6005058288574
382.2789192199707
389.8200988769531
384.34314727783203
386.81554794311523
419.22712326049805
406.21089935302734
390.75660705566406
391.8585777282715
418.76888275146484
405.37309646606445
403.83148193359375
435.0886344909668
410.62068939208984
400.5894660949707
411.69190406799316
426.45740509033203
413.0380153656006
422.06549644470215
424.2594242095947
427.5243282318115
431.3993453979492
414.7944450378418
426.29361152648926
432.24501609802246
453.3360004425049
430.2940368652344
403.11431884765625
404.64115142822266
381.2413215637207
405.60054779052734
394.87624168395996
403.7437438964844
427.69575119018555
405.407190322876
404.10590171813965
390.4263973236084
410.1994037628174
405.8880805969238
401.2303352355957
416.9461727142334
412.62006759643555
427.3350238800049
426.1610507965088
406.95953369140625
478.95169258117676
447.845458984375
456.2067985534668
465.7258987426758
456.4552307128906
470.0307846069336
400.84171295166016
412.48416900634766
397.73082733154297
379.9748420715332
460.2935314178467
531.0804843902588
546.9427108764648
765.7902240753174
1012.8686428070068
760.5855464935303
1365.5548095703125
789.959192276001
1424.6501922607422
642.6594257354736
1671.4022159576416
1982.471227645874
1265.510082244873
573.4374523162842
413.8007164001465
623.6562728881836
522.0937728881836
415.19904136657715
394.5586681365967
386.5022659301758
399.5652198791504
416.28146171569824
402.8892517089844
403.46670150756836
384.9973678588867
378.77488136291504
401.8857479095459
460.89887619018555
404.4027328491211
434.9644184112549
480.75318336486816
434.58104133605957
979.6969890594482
447.24130630493164
438.28654289245605
433.64953994750977
451.26795768737793
433.32839012145996
418.0145263671875
412.1849536895752
408.39552879333496
420.84670066833496
428.4658432006836
403.7289619445801
834.815263748169
814.915657043457
397.1829414367676
407.61685371398926
416.98455810546875
404.4198989868164
392.9884433746338
396.72064781188965
395.66493034362793
429.78739738464355
427.0641803741455
424.34024810791016
423.3121871948242
412.8451347351074
393.5723304748535
388.22197914123535
404.3121337890625
426.19776725769043
425.6117343902588
453.25160026550293
416.1088466644287
421.12040519714355
434.7727298736572
440.39320945739746
454.44536209106445
456.86912536621094
433.0923557281494
445.8930492401123
423.4294891357422
425.46892166137695
423.05707931518555
437.3292922973633
428.5440444946289
454.2856216430664
450.4525661468506
468.0805206298828
486.16719245910645
405.0877094268799
425.66585540771484
436.5065097808838
409.0759754180908
436.98596954345703
402.51731872558594
404.1404724121094
395.7664966583252
416.8386459350586
419.5528030395508
397.5830078125
427.0749092102051
388.07082176208496
647.0696926116943
426.7110824584961
421.95653915405273
390.64955711364746
494.83728408813477
432.67154693603516
407.6259136199951
425.731897354126
406.2080383300781
392.5924301147461
396.470308303833
390.86079597473145
443.91345977783203
402.5726318359375
382.86304473876953
465.55423736572266
961.9557857513428
989.0944957733154
710.4475498199463
630.3596496582031
416.2590503692627
390.5673027038574
401.2601375579834
389.331579208374
390.46478271484375
396.6362476348877
564.215898513794
393.68534088134766
381.44707679748535
400.3112316131592
399.249792098999
386.4583969116211
381.0863494873047
391.57676696777344
397.5841999053955
395.6937789916992
387.62855529785156
386.69538497924805
399.8286724090576
382.62248039245605
375.6909370422363
381.06274604797363
399.77335929870605
392.4853801727295
385.7159614562988
398.5474109649658
384.17506217956543
386.19327545166016
388.9014720916748
398.2536792755127
392.26841926574707
390.0330066680908
394.0620422363281
376.56259536743164
389.4064426422119
394.61231231689453
382.07435607910156
403.8076400756836
385.6813907623291
397.0913887023926
380.27000427246094
399.77169036865234
385.29086112976074
382.82203674316406
390.44880867004395
393.6889171600342
391.80731773376465
381.3631534576416
401.7460346221924
381.819486618042
386.29817962646484
392.29869842529297
391.92891120910645
385.2529525756836
383.0430507659912
377.26640701293945
392.49277114868164
399.1737365722656
390.0110721588135
386.63744926452637
384.44972038269043
412.55879402160645
379.46033477783203
385.6346607208252
401.5767574310303
397.0658779144287
402.1768569946289
389.3275260925293
380.8586597442627
382.42340087890625
386.5811824798584
399.5168209075928
394.63138580322266
390.82956314086914
400.3772735595703
380.0358772277832
377.58517265319824
387.01748847961426
396.8768119812012
388.81421089172363
383.9595317840576
403.6734104156494
393.6905860900879
404.4654369354248
384.2439651489258
422.5919246673584
390.0177478790283
408.16545486450195
385.2376937866211
450.05321502685547
380.07402420043945
388.73767852783203
395.9650993347168
387.56465911865234
400.41255950927734
384.46784019470215
520.6706523895264
381.6690444946289
386.75856590270996
396.4381217956543
413.27714920043945
396.70753479003906
386.1045837402344
380.8281421661377
395.17855644226074
384.8867416381836
401.1955261230469
398.44417572021484
460.36839485168457
385.74981689453125
384.3657970428467
394.620418548584
410.49742698669434
386.7473602294922
400.5005359649658
396.3167667388916
386.72733306884766
383.76927375793457
394.5119380950928
389.73259925842285
378.0031204223633
399.72901344299316
400.8603096008301
385.2980136871338
386.5361213684082
391.3850784301758
389.9519443511963
383.8205337524414
404.0360450744629
394.91987228393555
386.8141174316406
381.4082145690918
389.7426128387451
380.0082206726074
390.8674716949463
397.9687690734863
398.3771800994873
387.2346878051758
382.1132183074951
392.5795555114746
398.1659412384033
406.1849117279053
404.99138832092285
392.92168617248535
386.791467666626
385.34069061279297
394.8066234588623
400.0284671783447
379.73856925964355
388.690710067749
390.63501358032227
384.45472717285156
395.2984809875488
385.9379291534424
395.7712650299072
385.70332527160645
383.0394744873047
395.81990242004395
390.96641540527344
736.2794876098633
387.4316215515137
397.92490005493164
391.7887210845947
382.5068473815918
382.3049068450928
387.6631259918213
404.08802032470703
384.6719264984131
403.2285213470459
380.0649642944336
389.2362117767334
514.014720916748
406.9681167602539
638.9873027801514
862.1156215667725
775.3791809082031
426.2676239013672
767.9157257080078
411.6628170013428
384.4931125640869
398.0424404144287
391.54553413391113
382.25841522216797
385.7917785644531
401.5352725982666
398.5893726348877
387.87126541137695
453.0940055847168
592.4129486083984
386.63244247436523
386.3399028778076
398.0131149291992
395.9615230560303
391.1905288696289
383.6641311645508
392.5182819366455
401.78871154785156
386.16347312927246
389.5394802093506
397.8884220123291
386.7788314819336
390.7935619354248
434.7562789916992
398.9436626434326
383.47387313842773
397.7227210998535
389.04643058776855
390.7480239868164
379.12893295288086
393.5282230377197
400.4099369049072
385.33830642700195
381.30664825439453
393.30053329467773
385.87427139282227
379.7762393951416
386.8212699890137
403.4113883972168
385.4868412017822
388.14711570739746
393.5132026672363
384.6428394317627
379.49132919311523
392.44651794433594
402.6334285736084
390.57421684265137
389.0540599822998
405.6122303009033
387.34984397888184
377.0761489868164
423.6745834350586
396.39735221862793
428.71594429016113
385.0369453430176
398.97871017456055
390.8088207244873
378.8135051727295
388.4427547454834
392.8496837615967
397.19533920288086
395.9383964538574
400.0427722930908
376.48534774780273
390.3372287750244
385.265588760376
386.95263862609863
758.0363750457764
399.69611167907715
387.9125118255615
393.4483528137207
385.53786277770996
382.8856945037842
397.3534107208252
383.2283020019531
397.3965644836426
386.080265045166
393.7194347381592
393.88322830200195
383.2106590270996
383.91637802124023
383.7471008300781
401.5672206878662
388.0789279937744
397.7346420288086
387.3875141143799
397.62091636657715
385.3940963745117
381.0117244720459
485.89253425598145
1114.2022609710693
732.0685386657715
495.8150386810303
666.5689945220947
1068.9349174499512
1003.6938190460205
466.8867588043213
382.7805519104004
412.63318061828613
426.93138122558594
388.23628425598145
394.68979835510254
384.55820083618164
398.19860458374023
398.4854221343994
396.6350555419922
378.89909744262695
385.81085205078125
397.95851707458496
400.1879692077637
393.04161071777344
377.81715393066406
389.5082473754883
387.2232437133789
736.2236976623535
380.68437576293945
399.1248607635498
394.15884017944336
393.8462734222412
384.6282958984375
389.30678367614746
386.5940570831299
379.11391258239746
403.22351455688477
395.3826427459717
383.18920135498047
388.4906768798828
391.91603660583496
385.09058952331543
400.10690689086914
404.2990207672119
413.4786128997803
380.68175315856934
391.6501998901367
384.88006591796875
390.5518054962158
403.16176414489746
400.35367012023926
387.42947578430176
377.4688243865967
384.3114376068115
384.1683864593506
380.9490203857422
386.5013122558594
383.439302444458
385.3936195373535
397.8602886199951
393.1412696838379
393.66936683654785
381.55436515808105
387.64238357543945
396.50774002075195
393.7399387359619
399.4309902191162
374.0110397338867
388.08655738830566
382.77554512023926
409.58285331726074
393.66960525512695
383.39900970458984
388.86189460754395
386.57116889953613
397.48597145080566
384.7684860229492
387.073278427124
395.54429054260254
379.93812561035156
394.010066986084
385.7157230377197
404.8500061035156
431.9770336151123
388.8983726501465
509.4428062438965
400.4015922546387
417.5524711608887
448.8499164581299
515.9342288970947
386.98267936706543
395.7066535949707
383.2893371582031
386.9893550872803
398.99301528930664
377.424955368042
394.0703868865967
381.96587562561035
394.40011978149414
375.781774520874
379.349946975708
394.19007301330566
383.61358642578125
396.9285488128662
395.8413600921631
387.01438903808594
397.05491065979004
386.1362934112549
401.5522003173828
394.275426864624
384.60540771484375
381.528377532959
388.0910873413086
392.9252624511719
381.42895698547363
395.2326774597168
395.28894424438477
380.8603286743164
390.627384185791
391.07704162597656
405.9126377105713
406.0177803039551
399.4457721710205
378.2501220703125
398.3118534088135
384.6898078918457
389.3723487854004
388.58485221862793
388.8745307922363
396.4400291442871
396.6343402862549
386.5244388580322
376.6181468963623
382.52854347229004
385.2677345275879
396.5134620666504
434.41033363342285
421.29063606262207
385.0693702697754
379.66060638427734
391.01147651672363
513.899564743042
392.6260471343994
396.14224433898926
408.858060836792
402.1027088165283
473.2489585876465
390.40088653564453
383.52346420288086
394.17266845703125
420.72057723999023
386.86394691467285
396.6631889343262
400.93493461608887
386.25097274780273
390.93565940856934
383.5477828979492
383.2857608795166
394.24991607666016
404.62374687194824
580.5819034576416
392.72022247314453
377.98404693603516
443.5269832611084
387.4828815460205
589.282751083374
397.97186851501465
402.7981758117676
389.1570568084717
383.40163230895996
377.72274017333984
391.0989761352539
381.87599182128906
395.0362205505371
394.3662643432617
379.5278072357178
393.7819004058838
381.2987804412842
388.17620277404785
391.50452613830566
398.55384826660156
399.45197105407715
375.56958198547363
383.5933208465576
388.48185539245605
380.2061080932617
391.6018009185791
392.11201667785645
401.09825134277344
394.20485496520996
540.2123928070068
457.45277404785156
393.76306533813477
406.7802429199219
390.7661437988281
384.89341735839844
405.3313732147217
395.3282833099365
383.44693183898926
398.7886905670166
398.42820167541504
387.68839836120605
378.34930419921875
398.2124328613281
393.28575134277344
378.1893253326416
381.4218044281006
383.81123542785645
394.0601348876953
383.36658477783203
415.38166999816895
408.4458351135254
381.26587867736816
387.36653327941895
392.7154541015625
474.9147891998291
441.5149688720703
387.74752616882324
382.83371925354004
381.6101551055908
403.4252166748047
389.30392265319824
406.9340229034424
407.4821472167969
388.4308338165283
393.45598220825195
390.60497283935547
389.4615173339844
382.6892375946045
394.66261863708496
392.7931785583496
401.4101028442383
384.9966526031494
379.28295135498047
394.21772956848145
392.1811580657959
379.4713020324707
379.2920112609863
387.5420093536377
393.65291595458984
381.60037994384766
394.0553665161133
395.7514762878418
378.9970874786377
401.2928009033203
414.2792224884033
408.97274017333984
397.07183837890625
406.97574615478516
451.0200023651123
393.5432434082031
390.5367851257324
380.4810047149658
401.1671543121338
384.1583728790283
386.8744373321533
393.19348335266113
396.49128913879395
388.6878490447998
383.0130100250244
402.44150161743164
389.7707462310791
382.75718688964844
422.4414825439453
465.9719467163086
521.9123363494873
451.0674476623535
1074.3005275726318
466.6919708251953
2684.908151626587
398.6372947692871
396.4812755584717
389.84155654907227
387.7255916595459
399.09934997558594
375.81324577331543
383.58426094055176
390.5010223388672
399.7659683227539
393.0089473724365
383.6550712585449
395.7970142364502
395.45178413391113
384.29999351501465
378.72982025146484
385.41436195373535
386.98625564575195
396.5268135070801
392.43602752685547
384.41014289855957
379.5816898345947
395.7374095916748
384.57775115966797
392.075777053833
402.35209465026855
395.23792266845703
392.22192764282227
412.8856658935547
425.9023666381836
455.2011489868164
388.52739334106445
395.2770233154297
475.2345085144043
426.9406795501709
404.86907958984375
442.2109127044678
475.6433963775635
424.605131149292
433.26473236083984
401.9324779510498
395.90930938720703
507.7080726623535
513.1683349609375
385.2860927581787
398.20408821105957
404.8464298248291
380.2504539489746
378.981351852417
398.1475830078125
687.4892711639404
396.73304557800293
386.6097927093506
390.46239852905273
384.6461772918701
388.7648582458496
387.59350776672363
388.98324966430664
388.39197158813477
386.90781593322754
402.31990814208984
377.4542808532715
393.03112030029297
378.7555694580078
393.77880096435547
387.79282569885254
387.1634006500244
398.5302448272705
395.4734802246094
377.43377685546875
491.0750389099121
554.7175407409668
546.640157699585
450.50644874572754
442.22402572631836
395.57480812072754
382.65156745910645
383.3916187286377
394.14238929748535
383.8837146759033
386.2769603729248
401.29995346069336
396.82507514953613
385.33854484558105
381.7615509033203
638.7264728546143
389.4045352935791
398.0259895324707
1258.0595016479492
403.10144424438477
588.2904529571533
386.4266872406006
393.48387718200684
390.9447193145752
395.0047492980957
412.66822814941406
395.3583240509033
374.8037815093994
383.73851776123047
434.2477321624756
392.7943706512451
385.1010799407959
379.763126373291
391.34931564331055
382.56192207336426
393.59593391418457
409.4686508178711
398.0231285095215
386.310338973999
383.5256099700928
395.1687812805176
380.62262535095215
394.30809020996094
380.4473876953125
395.68257331848145
385.95032691955566
384.50074195861816
388.97132873535156
382.0924758911133
393.2173252105713
385.2360248565674
386.39187812805176
397.1395492553711
380.0172805786133
393.3367729187012
379.57119941711426
388.2162570953369
393.48363876342773
387.1593475341797
399.5199203491211
383.75377655029297
395.7180976867676
380.9831142425537
396.98004722595215
390.95258712768555
388.0164623260498
396.06308937072754
384.63401794433594
388.41724395751953
453.9175033569336
382.338285446167
401.5047550201416
397.20964431762695
410.20655632019043
401.91006660461426
386.6760730743408
391.70336723327637
394.35362815856934
381.95061683654785
378.8578510284424
382.30395317077637
400.6669521331787
390.6090259552002
383.364200592041
396.7406749725342
381.9448947906494
380.01203536987305
388.779878616333
598.381757736206
522.9551792144775
400.235652923584
533.8830947875977
382.9801082611084
503.89981269836426
438.7986660003662
400.0439643859863
383.61406326293945
401.67927742004395
440.2444362640381
390.4750347137451
390.8853530883789
404.7107696533203
398.34141731262207
398.24366569519043
385.3600025177002
392.9133415222168
383.74996185302734
390.5901908874512
383.6073875427246
401.2296199798584
381.3741207122803
394.44518089294434
402.7743339538574
383.2414150238037
385.07890701293945
380.06019592285156
418.23649406433105
392.8372859954834
384.59038734436035
459.95616912841797
510.61439514160156
438.7025833129883
553.3308982849121
2374.6261596679688
704.352855682373
688.0977153778076
726.4537811279297
486.3696098327637
460.9975814819336
620.1467514038086
611.5007400512695
415.82465171813965
469.89917755126953
679.6889305114746
397.8543281555176
564.7881031036377
532.2976112365723
588.1521701812744
703.047513961792
382.85017013549805
770.1091766357422
402.3151397705078
529.1218757629395
380.2826404571533
385.6229782104492
435.4689121246338
405.46393394470215
395.3592777252197
388.86070251464844
383.9237689971924
376.8627643585205
392.32897758483887
379.9886703491211
751.3632774353027
400.803804397583
388.5812759399414
383.08238983154297
381.7422389984131
394.195556640625
385.204553604126
400.052547454834
394.3614959716797
394.92106437683105
382.60364532470703
384.10282135009766
396.2974548339844
501.80625915527344
405.3037166595459
406.30388259887695
399.11794662475586
382.94196128845215
573.7638473510742
397.13144302368164
388.3705139160156
391.82496070861816
388.0889415740967
420.79997062683105
411.98182106018066
384.32812690734863
388.27967643737793
416.2638187408447
380.3553581237793
397.91274070739746
385.3456974029541
420.43018341064453
403.34486961364746
396.4076042175293
389.77837562561035
384.94324684143066
395.3583240509033
392.5814628601074
396.32320404052734
385.4227066040039
399.42312240600586
387.0508670806885
387.3250484466553
395.8547115325928
379.26244735717773
411.0753536224365
563.4293556213379
388.7057304382324
380.68127632141113
632.1637630462646
398.17118644714355
404.83641624450684
395.371675491333
388.15832138061523
388.72694969177246
382.75814056396484
382.4810981750488
381.3936710357666
386.74235343933105
386.9976997375488
388.2880210876465
380.30028343200684
400.9692668914795
395.19453048706055
394.29259300231934
387.9523277282715
383.6963176727295
383.87393951416016
382.8744888305664
391.7367458343506
410.128116607666
399.0135192871094
406.85153007507324
385.4100704193115
385.1056098937988
380.89609146118164
401.6892910003662
399.11580085754395
386.1806392669678
398.9689350128174
383.6836814880371
380.98812103271484
395.25794982910156
378.85475158691406
386.6555690765381
399.65152740478516
395.4927921295166
383.58116149902344
377.60472297668457
395.34449577331543
381.4077377319336
387.5095844268799
404.2801856994629
397.3822593688965
381.0756206512451
394.29473876953125
381.40130043029785
381.22034072875977
386.45410537719727
408.43963623046875
400.70343017578125
398.1740474700928
396.7461585998535
402.2798538208008
377.396821975708
382.85088539123535
508.2240104675293
883.753776550293
404.36601638793945
834.0520858764648
1699.3334293365479
1048.3949184417725
2273.898124694824
3490.241527557373
4975.7537841796875
2026.4160633087158
1563.2824897766113
2732.6271533966064
3376.938819885254
2495.593786239624
780.5221080780029
3874.8526573181152
1829.2114734649658
2422.363758087158
432.8608512878418
666.4512157440186
1010.610818862915
1549.243450164795
1972.4314212799072
1152.1387100219727
456.7580223083496
488.82436752319336
849.9705791473389
1062.2775554656982
481.5869331359863
631.0205459594727
1249.0220069885254
1011.8980407714844
477.4167537689209
384.04369354248047
395.1399326324463
427.27136611938477
448.5812187194824
536.3247394561768
513.8382911682129
523.643970489502
617.7260875701904
671.8385219573975
450.5746364593506
684.3762397766113
443.1016445159912
436.08689308166504
457.1659564971924
440.13094902038574
508.56900215148926
377.28142738342285
848.1569290161133
414.3385887145996
391.69955253601074
544.3630218505859
508.159875869751
651.5305042266846
638.5760307312012
658.5571765899658
675.6460666656494
450.00648498535156
1679.6300411224365
399.52683448791504
666.8057441711426
565.5453205108643
402.2231101989746
559.349536895752
578.3967971801758
513.4284496307373
452.26359367370605
575.885534286499
449.30124282836914
416.0950183868408
383.9681148529053
476.64403915405273
494.16661262512207
378.97396087646484
393.96214485168457
426.76305770874023
467.29278564453125
1189.8846626281738
408.6804389953613
395.08533477783203
384.32788848876953
440.0954246520996
404.1407108306885
381.9589614868164
383.6996555328369
411.6239547729492
417.09256172180176
412.27221488952637
483.74080657958984
488.92736434936523
429.71205711364746
391.53575897216797
391.5722370147705
407.9771041870117
399.6429443359375
383.43095779418945
385.82563400268555
393.7563896179199
385.1206302642822
391.5448188781738
401.02434158325195
384.63306427001953
398.7588882446289
380.2988529205322
397.5541591644287
383.65745544433594
383.64601135253906
390.0024890899658
399.050235748291
397.3991870880127
382.49897956848145
765.2881145477295
463.6425971984863
523.0212211608887
749.3579387664795
643.5055732727051
1406.9433212280273
699.7630596160889
384.28354263305664
396.2385654449463
392.33946800231934
397.3569869995117
390.1329040527344
388.3659839630127
381.9007873535156
397.2351551055908
377.9475688934326
516.4177417755127
393.0966854095459
397.7501392364502
385.4038715362549
378.1616687774658
399.6291160583496
383.29458236694336
388.8859748840332
395.7812786102295
395.4753875732422
382.60889053344727
407.8519344329834
388.0455493927002
387.0069980621338
393.7082290649414
381.2754154205322
396.5413570404053
382.62224197387695
384.26947593688965
399.68037605285645
410.40515899658203
413.2497310638428
382.1146488189697
397.98712730407715
398.4341621398926
444.8387622833252
460.10613441467285
385.4842185974121
391.6339874267578
430.9344291687012
460.48784255981445
432.41047859191895
383.90469551086426
386.8687152862549
398.240327835083
452.4574279785156
579.1401863098145
425.1410961151123
383.8324546813965
400.8748531341553
399.2898464202881
377.67696380615234
376.33204460144043
398.2698917388916
409.6097946166992
388.3962631225586
382.8141689300537
403.16295623779297
380.0780773162842
380.34701347351074
401.5016555786133
401.48282051086426
384.28187370300293
383.02040100097656
391.04199409484863
388.9808654785156
389.23001289367676
396.6646194458008
381.8473815917969
405.22146224975586
381.7274570465088
387.1116638183594
390.36107063293457
388.7953758239746
380.7072639465332
373.88062477111816
774.6760845184326
393.44334602355957
388.98754119873047
386.9497776031494
397.6006507873535
380.3517818450928
383.33749771118164
398.2205390930176
389.92857933044434
381.9096088409424
535.191535949707
613.1012439727783
506.76822662353516
463.0763530731201
399.86634254455566
381.53600692749023
388.7343406677246
379.9936771392822
393.2797908782959
385.46156883239746
388.38791847229004
401.2413024902344
387.28904724121094
389.5103931427002
381.8237781524658
383.4812641143799
385.5304718017578
395.86830139160156
390.092134475708
387.90345191955566
384.3810558319092
399.91307258605957
396.43216133117676
391.63827896118164
391.12305641174316
388.01097869873047
391.28923416137695
379.55236434936523
399.0621566772461
394.99378204345703
395.4951763153076
374.48716163635254
386.110782623291
384.746789932251
382.0316791534424
402.5270938873291
396.4953422546387
379.3799877166748
386.765718460083
392.9276466369629
379.15658950805664
400.3603458404541
382.0176124572754
389.5549774169922
382.27343559265137
400.1049995422363
394.5181369781494
378.94511222839355
400.6514549255371
388.885498046875
395.458459854126
403.53941917419434
385.9536647796631
394.7749137878418
378.8285255432129
400.2242088317871
381.072998046875
375.37288665771484
394.0598964691162
394.2859172821045
385.53500175476074
427.3653030395508
404.8793315887451
469.7074890136719
571.5537071228027
533.226728439331
917.1593189239502
409.9152088165283
397.3374366760254
397.1695899963379
383.24642181396484
379.1234493255615
378.6289691925049
434.10801887512207
386.84868812561035
399.85132217407227
385.5161666870117
394.5643901824951
408.16378593444824
416.48387908935547
396.343469619751
461.745023727417
385.634183883667
398.73480796813965
378.6044120788574
400.1278877258301
385.29205322265625
393.5823440551758
388.79966735839844
404.05988693237305
384.29760932922363
379.4393539428711
399.5046615600586
382.7526569366455
394.23537254333496
389.56546783447266
383.3329677581787
381.3652992248535
628.9582252502441
428.36713790893555
613.9819622039795
528.1579494476318
386.77024841308594
398.12397956848145
380.8095455169678
381.38461112976074
381.6654682159424
376.56688690185547
393.7668800354004
388.64731788635254
396.007776260376
392.7462100982666
400.9387493133545
382.1122646331787
381.8967342376709
395.8568572998047
381.8080425262451
392.0276165008545
398.27466011047363
403.7621021270752
382.537841796875
381.6659450531006
399.5838165283203
386.5931034088135
384.75513458251953
392.09556579589844
399.169921875
379.5011043548584
381.12711906433105
384.57655906677246
385.587215423584
426.61380767822266
447.4806785583496
397.39179611206055
382.5671672821045
386.9607448577881
383.6958408355713
387.0265483856201
394.8225975036621
399.07240867614746
392.5473690032959
388.20505142211914
380.6016445159912
378.8144588470459
385.1017951965332
395.5235481262207
391.3443088531494
379.43029403686523
392.106294631958
395.96104621887207
381.64830207824707
382.6746940612793
390.1679515838623
394.70577239990234
383.589506149292
380.08737564086914
397.5651264190674
384.1121196746826
379.80175018310547
403.1827449798584
381.699800491333
398.1800079345703
396.15678787231445
386.5628242492676
385.1292133331299
415.5600070953369
412.9054546356201
491.0552501678467
779.041051864624
479.4909954071045
417.0966148376465
394.1380977630615
384.3674659729004
403.4087657928467
436.3887310028076
399.1861343383789
391.1917209625244
414.6287441253662
382.98583030700684
377.5455951690674
410.045862197876
401.32999420166016
413.4514331817627
384.54580307006836
399.77431297302246
383.8045597076416
384.5198154449463
381.7102909088135
395.04098892211914
400.5579948425293
387.99071311950684
399.5039463043213
384.2775821685791
378.4523010253906
377.424955368042
555.1071166992188
486.13476753234863
451.9069194793701
388.6709213256836
387.73179054260254
411.907434463501
401.77202224731445
397.0823287963867
390.305757522583
388.9460563659668
383.53753089904785
398.6625671386719
410.04133224487305
409.1184139251709
412.7018451690674
391.17908477783203
389.26005363464355
393.3370113372803
390.7334804534912
385.10966300964355
398.52261543273926
401.1416435241699
383.9678764343262
380.7229995727539
383.1963539123535
384.41944122314453
393.9223289489746
394.81306076049805
396.47507667541504
387.27736473083496
379.7175884246826
384.72962379455566
388.6861801147461
392.9553031921387
393.1455612182617
406.0037136077881
385.10894775390625
383.1675052642822
382.4174404144287
382.1566104888916
394.9720859527588
393.141508102417
396.44408226013184
374.74870681762695
382.068395614624
388.52834701538086
378.10564041137695
397.36366271972656
421.4620590209961
381.8840980529785
421.5044975280762
384.6325874328613
382.1384906768799
395.9927558898926
400.6075859069824
388.103723526001
377.89177894592285
388.87667655944824
384.8898410797119
414.59178924560547
391.7708396911621
385.181188583374
781.4736366271973
403.32627296447754
397.80473709106445
442.6605701446533
384.8702907562256
397.430419921875
390.2878761291504
397.58872985839844
404.0186405181885
396.7099189758301
397.6743221282959
394.8931694030762
385.7278823852539
402.62484550476074
397.2349166870117
402.3938179016113
388.7367248535156
383.15749168395996
381.20007514953613
442.2106742858887
396.0890769958496
406.2623977661133
408.3378314971924
492.65360832214355
532.8273773193359
395.2136039733887
383.00490379333496
425.6784915924072
579.2973041534424
441.7567253112793
471.4927673339844
419.2652702331543
433.6118698120117
479.6130657196045
510.9734535217285
587.8746509552002
711.599588394165
451.13229751586914
472.74208068847656
412.5509262084961
385.789155960083
397.2351551055908
379.5747756958008
385.983943939209
397.6767063140869
381.39986991882324
397.68075942993164
377.6974678039551
394.8519229888916
395.1101303100586
385.861873626709
394.2689895629883
383.1498622894287
395.9214687347412
390.17724990844727
377.47955322265625
384.86361503601074
391.2220001220703
396.2376117706299
380.43880462646484
396.07906341552734
403.74135971069336
381.38699531555176
374.32146072387695
391.65496826171875
379.1971206665039
394.7775363922119
401.58939361572266
381.6182613372803
734.6642017364502
379.131555557251
382.54785537719727
399.19471740722656
382.3988437652588
399.2462158203125
394.56725120544434
380.5966377258301
387.10522651672363
384.5548629760742
381.1924457550049
392.87328720092773
399.9519348144531
381.06393814086914
393.19348335266113
389.132022857666
380.3372383117676
381.71887397766113
401.4558792114258
397.46618270874023
391.4461135864258
382.0972442626953
389.53495025634766
378.3302307128906
380.36561012268066
397.17769622802734
424.37124252319336
385.79249382019043
388.9338970184326
383.2225799560547
380.9776306152344
376.3284683227539
397.25708961486816
397.1989154815674
383.3043575286865
394.34313774108887
382.91263580322266
380.11980056762695
390.81692695617676
395.9074020385742
398.4959125518799
405.1098823547363
385.5154514312744
383.0602169036865
381.9012641906738
380.91588020324707
394.6084976196289
395.4329490661621
380.7086944580078
382.5950622558594
398.0119228363037
384.2730522155762
387.27784156799316
397.3984718322754
379.73904609680176
393.6190605163574
383.373498916626
394.78325843811035
382.7555179595947
383.35394859313965
398.9591598510742
380.56468963623047
395.77770233154297
400.667667388916
377.488374710083
385.31494140625
398.6632823944092
397.56131172180176
377.8090476989746
397.42064476013184
389.5394802093506
380.62095642089844
378.9379596710205
398.2222080230713
378.3845901489258
384.3252658843994
394.6683406829834
394.4716453552246
383.69202613830566
484.5545291900635
397.83716201782227
378.2780170440674
395.3866958618164
390.37156105041504
394.611120223999
385.21504402160645
386.9442939758301
396.85559272766113
398.9276885986328
384.718656539917
376.4009475708008
397.92656898498535
389.7514343261719
379.95409965515137
387.1569633483887
393.3448791503906
404.0672779083252
379.1811466217041
387.3789310455322
388.67664337158203
385.7557773590088
396.08073234558105
382.24220275878906
396.3449001312256
386.826753616333
388.6551856994629
391.73364639282227
435.00447273254395
577.7390003204346
462.0187282562256
428.79652976989746
411.81254386901855
413.6345386505127
414.8602485656738
391.7419910430908
381.2899589538574
388.0326747894287
393.73230934143066
382.155179977417
393.8291072845459
398.12493324279785
383.61382484436035
382.3046684265137
385.10870933532715
404.0980339050293
448.5173225402832
377.5179386138916
396.8045711517334
382.8387260437012
424.4372844696045
386.01160049438477
393.3253288269043
393.0535316467285
380.16438484191895
515.6495571136475
378.84974479675293
389.47486877441406
420.34339904785156
435.78147888183594
473.5097885131836
475.02684593200684
499.2384910583496
495.6393241882324
446.4733600616455
437.178373336792
425.7972240447998
415.56358337402344
419.7978973388672
433.3312511444092
890.3212547302246
405.21931648254395
400.2349376678467
409.73734855651855
422.76763916015625
838.7126922607422
409.4696044921875
413.5427474975586
427.0741939544678
426.0118007659912
450.89054107666016
481.17876052856445
455.01065254211426
470.0193405151367
452.960729598999
400.79593658447266
433.19153785705566
418.51234436035156
449.69964027404785
437.1953010559082
478.37257385253906
904.8395156860352
508.1520080566406
507.1218013763428
900.8619785308838
499.75132942199707
478.68990898132324
479.81715202331543
409.51085090637207
411.49401664733887
435.7471466064453
520.8308696746826
452.190637588501
415.4636859893799
402.3587703704834
418.3778762817383
422.03640937805176
409.548282623291
486.2408638000488
826.7738819122314
416.77403450012207
387.4032497406006
396.6531753540039
440.8853054046631
383.0735683441162
397.5355625152588
414.4775867462158
411.46039962768555
394.9916362762451
420.2840328216553
417.00053215026855
443.33815574645996
508.0854892730713
446.26498222351074
397.4804878234863
406.2459468841553
397.9334831237793
412.00971603393555
392.66109466552734
469.9833393096924
474.2591381072998
1195.5788135528564
945.0368881225586
441.64013862609863
464.9794101715088
424.0844249725342
507.9939365386963
395.8280086517334
985.4347705841064
670.5856323242188
395.07102966308594
408.8401794433594
437.1213912963867
504.98104095458984
452.1756172180176
486.51957511901855
423.98834228515625
420.29523849487305
403.99789810180664
383.3339214324951
391.3838863372803
383.29100608825684
396.03447914123535
390.5634880065918
378.21221351623535
384.2432498931885
386.86490058898926
400.5122184753418
387.48931884765625
390.9914493560791
396.59762382507324
379.76527214050293
392.84491539001465
383.378267288208
400.3884792327881
387.39609718322754
392.14301109313965
377.5351047515869
389.589786529541
399.68299865722656
385.65993309020996
401.6156196594238
425.10080337524414
411.7445945739746
378.9529800415039
386.8675231933594
383.04972648620605
399.5835781097412
388.9200687408447
396.1062431335449
390.3641700744629
414.5855903625488
390.5622959136963
382.2927474975586
403.26499938964844
398.6968994140625
392.9290771484375
397.8772163391113
398.0708122253418
383.5644721984863
381.5944194793701
407.3033332824707
433.8111877441406
400.7277488708496
410.280704498291
428.8666248321533
398.7009525299072
400.2227783203125
489.62903022766113
1144.3612575531006
391.66259765625
421.10705375671387
382.2827339172363
381.0687065124512
399.6469974517822
392.1489715576172
383.7621212005615
438.10009956359863
380.62262535095215
768.2535648345947
447.97301292419434
391.676664352417
513.129472732544
590.6991958618164
399.8374938964844
390.34533500671387
387.1500492095947
396.12722396850586
408.45298767089844
391.3435935974121
384.0024471282959
401.8898010253906
400.51937103271484
452.1138668060303
401.01027488708496
441.9107437133789
407.02176094055176
448.52733612060547
402.56357192993164
382.3819160461426
386.2602710723877
385.9715461730957
391.77441596984863
394.4416046142578
387.62736320495605
769.7107791900635
383.9116096496582
383.46123695373535
403.96595001220703
399.8558521270752
379.95433807373047
396.3503837585449
390.8219337463379
386.39187812805176
387.8331184387207
379.21595573425293
381.1838626861572
404.59489822387695
385.7858180999756
395.21217346191406
388.5157108306885
394.6652412414551
388.2296085357666
379.12964820861816
396.1822986602783
388.16165924072266
396.97885513305664
381.6399574279785
392.41743087768555
391.5565013885498
376.6963481903076
387.24827766418457
393.1260108947754
401.99923515319824
383.8779926300049
387.88437843322754
392.8711414337158
392.58432388305664
376.7576217651367
379.50658798217773
401.4708995819092
462.97216415405273
407.6225757598877
394.9928283691406
388.61918449401855
407.834529876709
390.20419120788574
387.51912117004395
402.39644050598145
679.2385578155518
1651.2391567230225
383.4960460662842
400.22969245910645
389.88471031188965
450.50573348999023
397.0212936401367
387.70413398742676
375.0190734863281
381.14309310913086
404.11853790283203
401.867151260376
386.20662689208984
385.62560081481934
382.4498653411865
398.77867698669434
400.2249240875244
383.01610946655273
392.7152156829834
386.2311840057373
391.4957046508789
395.49851417541504
380.9356689453125
401.95751190185547
378.15046310424805
386.075496673584
389.2326354980469
387.5153064727783
397.83477783203125
376.77717208862305
398.44703674316406
386.1370086669922
393.45741271972656
385.3604793548584
384.1063976287842
378.01623344421387
393.6014175415039
400.9408950805664
379.4238567352295
392.34375953674316
390.36059379577637
381.6943168640137
400.7697105407715
377.23350524902344
400.7847309112549
401.6537666320801
400.91609954833984
383.3754062652588
395.21098136901855
379.6720504760742
386.6140842437744
382.6475143432617
392.5447463989258
386.4476680755615
373.98505210876465
388.2870674133301
397.6433277130127
399.975061416626
386.5790367126465
394.63138580322266
385.10918617248535
386.40284538269043
394.52505111694336
387.3896598815918
384.7391605377197
403.6543369293213
424.9417781829834
391.48497581481934
394.5016860961914
402.9736518859863
393.9945697784424
406.9042205810547
426.7256259918213
420.5892086029053
391.4031982421875
390.18917083740234
391.5069103240967
404.7403335571289
422.7783679962158
433.93659591674805
424.92103576660156
394.84643936157227
397.784948348999
429.415225982666
464.11609649658203
416.12720489501953
436.1228942871094
375.4897117614746
397.05491065979004
379.244327545166
406.536340713501
391.36815071105957
409.304141998291
868.6933517456055
443.3603286743164
404.3145179748535
424.20434951782227
375.63610076904297
391.73436164855957
386.33179664611816
377.6698112487793
401.81636810302734
394.6800231933594
392.5163745880127
390.11192321777344
379.43506240844727
421.0844039916992
403.96571159362793
458.2693576812744
767.6229476928711
1225.0230312347412
664.9291515350342
497.87235260009766
764.3496990203857
454.9288749694824
701.4997005462646
387.8970146179199
399.8148441314697
383.120059967041
396.55494689941406
383.4371566772461
379.72569465637207
406.5897464752197
403.29527854919434
405.70974349975586
382.94076919555664
433.16054344177246
423.97475242614746
386.63196563720703
410.7034206390381
423.08831214904785
437.05058097839355
410.29906272888184
419.2347526550293
394.00291442871094
388.86046409606934
395.71619033813477
383.59880447387695
386.10053062438965
392.9100036621094
380.6641101837158
402.4384021759033
384.43899154663086
400.2723693847656
379.3601989746094
437.5648498535156
394.34099197387695
400.7132053375244
476.503849029541
384.28688049316406
438.8539791107178
534.7228050231934
508.1181526184082
471.5907573699951
482.1927547454834
952.146053314209
650.6950855255127
420.29404640197754
431.8675994873047
877.7780532836914
506.9551467895508
917.0019626617432
2343.2087898254395
524.6622562408447
639.9986743927002
511.6763114929199
429.20804023742676
645.3330516815186
423.5403537750244
502.9759407043457
657.4671268463135
490.1130199432373
645.7350254058838
1592.9417610168457
590.2116298675537
433.38942527770996
543.6136722564697
641.0939693450928
426.44810676574707
494.2176342010498
389.6195888519287
430.42898178100586
395.74170112609863
377.7351379394531
400.52223205566406
394.64592933654785
385.48803329467773
393.3229446411133
387.51935958862305
400.39849281311035
380.68628311157227
385.61105728149414
426.6486167907715
399.7964859008789
383.9867115020752
397.29785919189453
380.5093765258789
391.11804962158203
396.61693572998047
398.1819152832031
391.7558193206787
387.7148628234863
403.170108795166
379.43148612976074
392.67444610595703
411.9081497192383
384.25564765930176
381.1037540435791
399.9466896057129
382.0979595184326
404.62279319763184
394.37150955200195
384.42325592041016
392.6115036010742
381.1476230621338
386.52658462524414
383.15558433532715
401.99923515319824
386.61932945251465
398.3635902404785
396.30770683288574
466.16482734680176
415.7261848449707
397.7169990539551
403.38730812072754
397.5965976715088
384.4137191772461
398.23198318481445
388.6902332305908
379.5511722564697
412.66465187072754
394.61493492126465
382.6756477355957
723.4318256378174
399.8231887817383
400.02942085266113
397.90797233581543
378.5738945007324
528.0008316040039
513.7505531311035
386.19422912597656
386.00802421569824
416.3343906402588
382.05814361572266
403.8724899291992
377.9871463775635
394.59896087646484
398.55480194091797
384.80496406555176
394.49024200439453
382.48157501220703
406.4912796020508
381.2830448150635
389.72973823547363
389.6317481994629
384.43541526794434
398.04983139038086
380.83720207214355
384.2511177062988
403.0172824859619
396.00419998168945
392.13013648986816
386.4176273345947
394.6659564971924
383.20064544677734
378.09109687805176
401.38745307922363
393.53442192077637
389.4357681274414
386.92450523376465
392.2274112701416
388.87500762939453
403.5177230834961
424.4532585144043
375.7784366607666
378.66973876953125
396.26264572143555
387.78233528137207
418.5960292816162
691.6666030883789
550.2810478210449
396.6355323791504
479.39014434814453
395.3244686126709
384.1588497161865
388.7066841125488
395.9071636199951
394.0598964691162
381.58178329467773
381.2413215637207
395.2908515930176
411.1039638519287
389.48750495910645
816.9195652008057
388.6740207672119
381.94870948791504
382.71069526672363
397.60613441467285
388.58914375305176
401.63207054138184
394.611120223999
401.9656181335449
381.2859058380127
391.71671867370605
403.86271476745605
453.7701606750488
499.97615814208984
566.4441585540771
649.7488021850586
688.8935565948486
416.96715354919434
1165.029525756836
397.91274070739746
403.92065048217773
388.1051540374756
386.289119720459
402.2822380065918
393.54538917541504
388.3371353149414
401.655912399292
391.1473751068115
374.88722801208496
384.71317291259766
384.4339847564697
396.32487297058105
392.8377628326416
399.51181411743164
391.8132781982422
384.41014289855957
380.1689147949219
387.33458518981934
398.9706039428711
399.52945709228516
406.97336196899414
387.7737522125244
377.61712074279785
380.79357147216797
392.31395721435547
474.81775283813477
396.8672752380371
391.62540435791016
379.41551208496094
390.4867172241211
381.9093704223633
382.2813034057617
411.63015365600586
449.2979049682617
386.5160942077637
379.98318672180176
400.90036392211914
383.0444812774658
383.8522434234619
395.09129524230957
391.6792869567871
381.78443908691406
388.55791091918945
384.84716415405273
398.4875679016113
376.1451244354248
390.8731937408447
393.5525417327881
376.64055824279785
401.4618396759033
387.39609718322754
379.84204292297363
387.39490509033203
399.2629051208496
390.15769958496094
400.3422260284424
388.17453384399414
381.20102882385254
389.27769660949707
391.338586807251
382.1415901184082
397.3093032836914
384.81760025024414
400.9289741516113
398.04601669311523
380.7249069213867
388.5791301727295
378.56411933898926
391.8182849884033
383.8846683502197
402.8444290161133
398.32615852355957
395.95508575439453
394.9427604675293
378.9844512939453
391.0243511199951
377.6378631591797
396.6071605682373
400.21586418151855
442.06833839416504
443.1498050689697
423.7196445465088
395.7977294921875
387.73441314697266
395.6267833709717
402.7705192565918
385.2066993713379
387.51673698425293
380.4516792297363
392.8501605987549
382.0035457611084
381.82783126831055
395.29871940612793
378.4041404724121
390.6700611114502
387.5856399536133
400.6831645965576
395.59102058410645
381.4866542816162
394.6866989135742
375.7658004760742
388.98181915283203
402.90069580078125
399.4879722595215
384.75918769836426
389.7833824157715
396.9566822052002
377.41637229919434
390.383243560791
402.23217010498047
394.88911628723145
381.96372985839844
417.13643074035645
437.02125549316406
412.1358394622803
390.2745246887207
405.6363105773926
393.99099349975586
383.15534591674805
392.64607429504395
390.14339447021484
378.62205505371094
393.2058811187744
398.47707748413086
400.2718925476074
379.1170120239258
384.1557502746582
375.2403259277344
389.10698890686035
390.1817798614502
408.05745124816895
400.7713794708252
385.3762149810791
386.563777923584
376.9068717956543
376.3768672943115
382.4424743652344
388.55862617492676
399.8103141784668
396.99339866638184
383.3329677581787
387.4993324279785
377.727746963501
397.167444229126
401.00741386413574
389.16587829589844
400.7551670074463
379.16088104248047
387.17103004455566
509.13286209106445
833.3001136779785
606.1460971832275
393.2678699493408
940.5827522277832
781.7816734313965
2135.976791381836
740.3566837310791
1478.044033050537
842.5948619842529
750.8199214935303
962.4803066253662
731.964111328125
1014.3077373504639
392.7168846130371
390.8085823059082
390.9716606140137
449.77283477783203
408.19334983825684
520.4417705535889
384.1402530670166
384.40918922424316
389.79125022888184
393.8782215118408
403.68032455444336
406.7411422729492
387.9570960998535
386.62028312683105
429.65054512023926
455.2600383758545
388.70811462402344
384.0034008026123
382.8573226928711
391.51787757873535
421.586275100708
397.61853218078613
409.91997718811035
395.4663276672363
405.8797359466553
383.06617736816406
388.4294033050537
401.09729766845703
394.2756652832031
404.0694236755371
382.1885585784912
387.1197700500488
378.43942642211914
429.90756034851074
429.10218238830566
397.7634906768799
388.6737823486328
439.6541118621826
382.18188285827637
393.37873458862305
383.20231437683105
405.3645133972168
410.5699062347412
401.9765853881836
380.68175315856934
381.38413429260254
440.16170501708984
389.3136978149414
479.35962677001953
485.07094383239746
398.3876705169678
381.31213188171387
469.6345329284668
398.05030822753906
388.582706451416
393.30506324768066
397.7677822113037
462.24403381347656
426.8505573272705
385.284423828125
421.5426445007324
380.37991523742676
394.17195320129395
388.65160942077637
399.63269233703613
388.87739181518555
373.1269836425781
386.584997177124
396.95119857788086
380.3718090057373
386.6443634033203
382.5652599334717
406.86750411987305
392.28105545043945
391.7388916015625
394.024133682251
386.66462898254395
381.4835548400879
407.8521728515625
380.8121681213379
410.2742671966553
384.6170902252197
396.8517780303955
383.12673568725586
402.91714668273926
378.1862258911133
381.85572624206543
392.9581642150879
384.2577934265137
384.904146194458
397.98426628112793
378.1557083129883
398.2100486755371
393.02945137023926
377.41589546203613
386.92665100097656
398.38290214538574
385.94865798950195
382.9832077026367
395.1592445373535
399.64962005615234
382.85255432128906
577.2485733032227
578.916072845459
564.6209716796875
385.9977722167969
397.2923755645752
387.1176242828369
380.07521629333496
378.3731460571289
389.24622535705566
402.41265296936035
389.1487121582031
373.8119602203369
387.18295097351074
406.65698051452637
382.78794288635254
392.0719623565674
402.04596519470215
379.26244735717773
387.5696659088135
427.492618560791
391.17431640625
398.1449604034424
380.5422782897949
405.80248832702637
388.04101943969727
382.7078342437744
392.09532737731934
396.39973640441895
382.9364776611328
396.28005027770996
402.53472328186035
388.55457305908203
384.8378658294678
385.84423065185547
393.8891887664795
394.5648670196533
382.22813606262207
402.0192623138428
390.3210163116455
383.3880424499512
391.56484603881836
397.6259231567383
399.1243839263916
381.364107131958
395.4505920410156
379.610538482666
386.3039016723633
392.1082019805908
396.9764709472656
384.0498924255371
374.68504905700684
386.5396976470947
409.14130210876465
388.9584541320801
392.7581310272217
416.7590141296387
387.53771781921387
378.6506652832031
406.4490795135498
388.3817195892334
381.98280334472656
389.4999027252197
783.2179069519043
380.72991371154785
501.8298625946045
589.8690223693848
562.8411769866943
647.4978923797607
858.9122295379639
395.04146575927734
379.2543411254883
384.69886779785156
400.65741539001465
384.7951889038086
387.897253036499
395.0932025909424
399.83320236206055
385.2832317352295
395.79272270202637
390.6097412109375
382.31372833251953
386.24119758605957
395.5810070037842
396.58546447753906
383.7156295776367
409.3506336212158
379.64320182800293
384.6435546875
389.1761302947998
390.72418212890625
396.26193046569824
382.9190731048584
383.9695453643799
384.15050506591797
385.74957847595215
393.9530849456787
398.1051445007324
385.2388858795166
400.2506732940674
379.5144557952881
382.60912895202637
388.37146759033203
395.8702087402344
399.6090888977051
386.57259941101074
381.7858695983887
400.1808166503906
388.9472484588623
386.3708972930908
392.242431640625
395.4803943634033
380.92875480651855
385.6201171875
402.55165100097656
380.9041976928711
382.3966979980469
391.2637233734131
380.1114559173584
401.5836715698242
385.09249687194824
401.7293453216553
383.211612701416
381.36792182922363
390.66481590270996
380.1307678222656
385.37120819091797
399.46699142456055
412.3725891113281
389.24479484558105
565.690279006958
420.5150604248047
401.1392593383789
489.2597198486328
459.99670028686523
586.3101482391357
411.224365234375
681.5593242645264
739.9070262908936
704.8227787017822
409.50512886047363
787.1930599212646
517.4410343170166
984.5623970031738
1207.430124282837
2109.889030456543
921.6840267181396
1131.38747215271
1609.807014465332
1049.6158599853516
1118.4213161468506
2881.8957805633545
3077.4261951446533
930.3493499755859
1216.2234783172607
1905.7738780975342
2111.8106842041016
865.9446239471436
1157.207727432251
1599.626064300537
2166.09787940979
871.2759017944336
2195.8699226379395
1148.280382156372
1213.3030891418457
3039.591073989868
3141.364097595215
546.1215972900391
824.0437507629395
400.543212890625
529.6614170074463
675.5251884460449
389.6982669830322
714.6599292755127
384.915828704834
390.76805114746094
401.9029140472412
383.08262825012207
481.08410835266113
401.2293815612793
381.93631172180176
422.91998863220215
399.06954765319824
401.4098644256592
395.3442573547363
404.79540824890137
379.22072410583496
391.8290138244629
390.09785652160645
401.5510082244873
384.16481018066406
402.50492095947266
394.9551582336426
379.5807361602783
385.64062118530273
388.0472183227539
382.92741775512695
398.0429172515869
399.0907669067383
396.00253105163574
379.17304039001465
376.1110305786133
394.0737247467041
391.573429107666
400.8677005767822
392.0247554779053
381.7577362060547
378.1132698059082
385.7851028442383
384.96875762939453
393.5718536376953
389.6481990814209
417.39678382873535
371.50120735168457
401.5510082244873
390.2320861816406
387.1572017669678
406.8436622619629
398.26154708862305
384.53102111816406
383.8694095611572
470.8738327026367
593.2118892669678
435.5640411376953
446.2456703186035
442.87800788879395
443.6991214752197
430.4981231689453
401.03769302368164
