685989.8903369904;1192.192792892456;0.07410627444904723;0.083;0.025829657697549614;126.76784989039103;260.3777770996094;0.08299999684095383;0.09449999934683244;
685989.8903369904;802.0915985107422;0.06180134773335949;0.0968;0.06094588929126708;76.57691438462999;124.59161376953125;0.09679999947547913;0.16044444280366102;
685989.8903369904;800.9846210479736;0.15682401035971116;0.1442;0.12977778885925048;60.155434375339084;80.93043518066406;0.14419999718666077;0.24288888896505037;
685989.8903369904;824.9568939208984;0.20808538008600444;0.21480000000000002;0.1943227997754988;51.41299904717339;61.41183090209961;0.21480000019073486;0.26133333411481646;
685989.8903369904;782.8643321990967;0.2712881526446111;0.2622;0.2605246904920276;43.5934042930603;50.42662048339844;0.2621999979019165;0.3537777775691615;
685989.8903369904;860.9051704406738;0.3014955713513256;0.32239999999999996;0.3002211094408256;40.80980736944411;45.66133499145508;0.3224000036716461;0.3397777773439884;
685989.8903369904;801.6252517700195;0.34091023034100265;0.34920000000000007;0.33940426736040225;35.51253963046604;38.7386360168457;0.3492000102996826;0.3628888875246048;
685989.8903369904;702.7778625488281;0.37156769777737664;0.35860000000000003;0.35402444803942135;33.41003621419271;35.898983001708984;0.358599990606308;0.37999999738401835;
685989.8903369904;793.1015491485596;0.4066030218425542;0.4025;0.3993673787885128;29.29010428852505;32.117897033691406;0.4025000035762787;0.4431111087815629;
685989.8903369904;739.7449016571045;0.43072431948650164;0.43620000000000003;0.42486531426160506;28.483400789896645;29.810327529907227;0.43619999289512634;0.43422221855984794;
685989.8903369904;779.8259258270264;0.45071638909118794;0.4459000000000001;0.4396570899013888;25.431524244944253;27.485881805419922;0.44589999318122864;0.5037777763273981;
685989.8903369904;788.0764007568359;0.4679376933739217;0.4878;0.46426644896458047;24.232453102535672;27.55807876586914;0.4878000020980835;0.5071111088825597;
685989.8903369904;768.8891887664795;0.4867303189110087;0.5016;0.4861273838578308;22.15661435392168;24.14054298400879;0.5016000270843506;0.5271111069454087;
685989.8903369904;801.3896942138672;0.49510756334947903;0.4993;0.4861081529795851;22.297530354393853;23.654829025268555;0.4993000030517578;0.5259999982184834;
685989.8903369904;799.8518943786621;0.5136709030285262;0.5326000000000001;0.5137719176672169;21.0281009250217;21.85152816772461;0.5325999855995178;0.5313333301080598;
685989.8903369904;829.0305137634277;0.5279809923723117;0.5359;0.520771795236009;19.29803007443746;21.222858428955078;0.5358999967575073;0.5584444410271114;
685989.8903369904;847.0594882965088;0.5320900535343778;0.5337999999999999;0.522649584482276;19.552302045292326;19.98141098022461;0.5338000059127808;0.551333330406083;
685989.8903369904;778.6469459533691;0.5507761236879583;0.5518000000000001;0.5416001231383947;17.7663416173723;19.205928802490234;0.551800012588501;0.5897777795791626;
685989.8903369904;828.9852142333984;0.5545503940319081;0.5734000000000001;0.5557857296134973;17.600692709287006;18.3114013671875;0.5734000205993652;0.5746666678124004;
685989.8903369904;780.2567481994629;0.5664423781635424;0.5842999999999999;0.5711734120300456;17.58852916823493;17.146440505981445;0.5842999815940857;0.5673333343532351;
685989.8903369904;758.5361003875732;0.5714192952308469;0.5822;0.5688464456939165;15.749754036797418;17.096092224121094;0.5821999907493591;0.5911111103163825;
685989.8903369904;795.0236797332764;0.5880591951328434;0.588;0.5831557051191044;16.365248868200513;15.955159187316895;0.5879999995231628;0.5702222211493386;
685989.8903369904;812.4749660491943;0.5999681913124475;0.5913;0.5915893472361861;14.650013293160333;15.336848258972168;0.5913000106811523;0.613777772254414;
685989.8903369904;842.3526287078857;0.5942980530716404;0.6039000000000001;0.594674237561651;15.12353638013204;15.03557300567627;0.6039000153541565;0.5806666668918398;
685989.8903369904;819.4303512573242;0.6059878049579189;0.5976999999999999;0.594490463480519;14.022281413608127;14.935397148132324;0.5976999998092651;0.6217777798573176;
685989.8903369904;818.1595802307129;0.5978316003095525;0.6078;0.5980621195996684;13.287579772207472;14.291912078857422;0.6078000068664551;0.6262222276793585;
685989.8903369904;786.3001823425293;0.6077906599255934;0.6046;0.5956535774723385;12.280060193273757;14.574488639831543;0.6046000123023987;0.6533333313133981;
685989.8903369904;766.564130783081;0.5953498339272913;0.6121000000000001;0.594640748749599;13.289457559585571;14.31098461151123;0.6121000051498413;0.6244444419940313;
685989.8903369904;775.355339050293;0.6120288227117033;0.6095;0.5985757835880017;13.838060877058242;14.195505142211914;0.609499990940094;0.5986666699250539;
685989.8903369904;834.7671031951904;0.623693065641104;0.6188999999999999;0.611926829745461;12.989695382118224;13.445479393005371;0.6189000010490417;0.6117777744928996;
685989.8903369904;767.0743465423584;0.6270967035226086;0.6204;0.6173361380663274;11.875280329916212;12.822470664978027;0.6204000115394592;0.6393333319160673;
685989.8903369904;855.9520244598389;0.6263027615027713;0.6269;0.6192859991316303;12.599176200230916;12.632776260375977;0.6269000172615051;0.6115555544694264;
685989.8903369904;835.0651264190674;0.6327241034198406;0.6191;0.6162600142783358;12.131336037317912;12.643267631530762;0.6190999746322632;0.6237777782811059;
685989.8903369904;804.2292594909668;0.6228566920704858;0.6319000000000001;0.6214066144847827;11.47453073395623;12.116070747375488;0.6319000124931335;0.6282222211360932;
685989.8903369904;729.0661334991455;0.6325728806567776;0.6371;0.6325062875492655;10.741212966707018;11.431011199951172;0.6370999813079834;0.6500000009934107;
685989.8903369904;844.6195125579834;0.6320624090071775;0.6437;0.6338222839691788;11.080417172114055;11.308479309082031;0.6437000036239624;0.634888889392217;
685989.8903369904;816.490650177002;0.6406472321623758;0.6369;0.6326033809890207;11.396528434753417;11.409819602966309;0.636900007724762;0.6084444410271115;
685989.8903369904;819.2486763000488;0.6345463386318528;0.633;0.6302390603638713;10.697041779094272;11.003570556640625;0.6330000162124634;0.6377777715524038;
685989.8903369904;714.8454189300537;0.6337726571665907;0.6435000000000001;0.634802465527686;10.291516567601098;10.70750617980957;0.6434999704360962;0.6482222219308217;
685989.8903369904;834.8848819732666;0.6300888687867632;0.6386000000000001;0.6290312777030419;9.979722221692404;10.645745277404785;0.6385999917984009;0.6526666661103566;
685989.8903369904;754.5998096466064;0.634284934411036;0.6436000000000001;0.6337039507127665;10.291527157359653;10.561971664428711;0.6435999870300293;0.6257777783605788;
685989.8903369904;810.0099563598633;0.6412101663473682;0.6357999999999999;0.6332105195115513;9.220974379115635;10.413888931274414;0.6358000040054321;0.6617777794599533;
685989.8903369904;803.3027648925781;0.635361074550427;0.6517999999999999;0.6393876068681154;9.683051484160954;10.090775489807129;0.6517999768257141;0.6419999963707395;
685989.8903369904;845.8669185638428;0.6409379526542511;0.6496999999999999;0.6434328639830924;8.942972207069397;9.735616683959961;0.6496999859809875;0.6653333379162683;
685989.8903369904;803.3730983734131;0.6423960281526513;0.6338999999999999;0.6284569056561555;9.174883912669287;10.293891906738281;0.633899986743927;0.6504444420337677;
685989.8903369904;816.6282176971436;0.6367336411084132;0.647;0.6381231520532791;9.853430112202963;9.56382942199707;0.6470000147819519;0.6248888860146204;
685989.8903369904;828.1633853912354;0.642232971598338;0.6504;0.6430111498132243;8.545714382330576;9.279461860656738;0.6503999829292297;0.6637777742412355;
685989.8903369904;833.864688873291;0.6370758416585846;0.6483999999999999;0.6409455727655295;9.326546449131436;9.073836326599121;0.6484000086784363;0.6462222223480543;
685989.8903369904;835.5710506439209;0.6371352873320355;0.6515;0.6406043870872387;8.506070356898837;9.18060302734375;0.6514999866485596;0.673777773976326;
685989.8903369904;767.6303386688232;0.6320933555617628;0.647;0.6320461955481573;9.013307123714023;9.385747909545898;0.6470000147819519;0.6371111068460676;
