1064693.0859088898;1382.875680923462;0.04596233627876718;0.09309999999999999;0.04946546400558644;2.527443301677704;2.6642472743988037;0.09309999644756317;0.1033999990671873;
1064693.0859088898;1046.8909740447998;0.04812191977600731;0.0938;0.055747858511278635;2.4512952009836835;2.529116630554199;0.09380000084638596;0.12080000039810936;
1064693.0859088898;942.314624786377;0.04634015822389885;0.0972;0.05081631175879091;2.3195941130320232;2.4087653160095215;0.09719999879598618;0.12400000138829152;
1064693.0859088898;961.158275604248;0.05073397656350388;0.0934;0.049173117767145044;2.317876132329305;2.3880295753479004;0.0934000015258789;0.12453333095957836;
1064693.0859088898;1013.2465362548828;0.07400045273327177;0.0963;0.049662549219168316;2.3085652510325114;2.3574843406677246;0.09629999846220016;0.1375999995196859;
1064693.0859088898;976.2547016143799;0.12279506263897358;0.10869999999999998;0.06865209396424024;2.279366699854533;2.3265748023986816;0.10869999974966049;0.13680000118911267;
1064693.0859088898;1028.9888381958008;0.13065202371010692;0.1278;0.11350277372294201;2.2419503053029377;2.30450439453125;0.12780000269412994;0.15866666622459888;
1064693.0859088898;979.1562557220459;0.11275561753094217;0.1196;0.10245324272160276;2.2549249728520713;2.309352159500122;0.11959999799728394;0.16266666734591126;
1064693.0859088898;982.036828994751;0.11002130554417389;0.126;0.09547014172939591;2.205964716275533;2.32388973236084;0.12600000202655792;0.16880000106369455;
1064693.0859088898;969.0320491790771;0.12164192712624056;0.1429;0.1146035604649244;2.27472763856252;2.3305866718292236;0.1429000049829483;0.18559999788800877;
1064693.0859088898;952.4896144866943;0.11750752786238225;0.1493;0.11012678074153641;2.149450445175171;2.3041369915008545;0.1492999941110611;0.20186666697263717;
1064693.0859088898;991.1453723907471;0.1220346799915829;0.14939999999999998;0.10286022217144304;2.2533926169077554;2.3285629749298096;0.149399995803833;0.19226666868974765;
1064693.0859088898;977.3030281066895;0.11954213105566877;0.1508;0.09843070874803966;2.242510461807251;2.3103859424591064;0.15080000460147858;0.16933333463966846;
1064693.0859088898;1018.7406539916992;0.11729675045776107;0.1384;0.10784297057850793;2.232825525601705;2.305774450302124;0.13840000331401825;0.19093333557248116;
1064693.0859088898;1025.1028537750244;0.13417438781344612;0.1479;0.10246271228235984;2.2203134536743163;2.2976608276367188;0.14790000021457672;0.17600000280266007;
1064693.0859088898;966.5355682373047;0.13324285356504204;0.13749999999999998;0.1067078967927116;2.2380572319030763;2.295558452606201;0.13750000298023224;0.17280000038444995;
1064693.0859088898;1014.5614147186279;0.12848236033725208;0.1403;0.11639084058957802;2.2438489039738974;2.2979774475097656;0.14030000567436218;0.14880000225578746;
1064693.0859088898;989.6836280822754;0.13653304766045266;0.13169999999999998;0.1111177055824456;2.2192320028940835;2.2960658073425293;0.13169999420642853;0.14400000084812442;
1064693.0859088898;1045.5784797668457;0.14972648240945333;0.1179;0.08923735529560692;2.2408093293507894;2.301560640335083;0.11789999902248383;0.15066666764517625;
1064693.0859088898;964.771032333374;0.15970149718701737;0.1303;0.10527011322388291;2.1755955537160236;2.286104202270508;0.13030000030994415;0.19093333383401234;
1064693.0859088898;992.3961162567139;0.15873865693768216;0.15930000000000002;0.1388625787630627;2.15244665145874;2.2780423164367676;0.15929999947547913;0.19680000472192963;
1064693.0859088898;979.907751083374;0.1378731387350635;0.16419999999999998;0.12824845641920934;2.195290438334147;2.2891063690185547;0.16419999301433563;0.16586666808774073;
1064693.0859088898;986.2966537475586;0.1564448066658173;0.1526;0.12209278307040161;2.185407813390096;2.28617787361145;0.1526000052690506;0.19573333269606033;
1064693.0859088898;1012.2106075286865;0.15540546821869466;0.16219999999999998;0.12130588476030221;2.1746111154556274;2.2582671642303467;0.16220000386238098;0.18906666667511066;
1064693.0859088898;1035.7964038848877;0.16352389856057362;0.16319999999999998;0.1147362163109501;2.230152972539266;2.2523820400238037;0.1632000058889389;0.17093333347390097;
1064693.0859088898;986.361026763916;0.18417723237445308;0.1655;0.15624960665571763;2.1366289854049683;2.2424590587615967;0.1655000001192093;0.23226666695748766;
1064693.0859088898;1018.8734531402588;0.1670569681657772;0.1772;0.1477114213670203;2.1932945330937703;2.242095708847046;0.17720000445842743;0.16640000169475874;
1064693.0859088898;1036.5219116210938;0.2020981782762073;0.1487;0.1343264746431829;2.211522277196248;2.2464466094970703;0.14869999885559082;0.16826666643222174;
1064693.0859088898;1027.2600650787354;0.1993475806322422;0.1684;0.16282669782400028;2.186551793416341;2.231956720352173;0.16840000450611115;0.20639999906222026;
1064693.0859088898;962.09716796875;0.18669641478665597;0.1849;0.17532516812865293;2.169325351715088;2.2166643142700195;0.18490000069141388;0.21919999793171882;
1064693.0859088898;1011.5573406219482;0.18336372142838925;0.18040000000000003;0.15562801305180418;2.1110689957936604;2.221454381942749;0.18039999902248383;0.23786667163173358;
1064693.0859088898;985.267162322998;0.14164774321174883;0.1784;0.14506379141705392;2.1910751263300576;2.250873565673828;0.17839999496936798;0.2029333336899678;
1064693.0859088898;1013.2479667663574;0.16198055624341198;0.17409999999999998;0.13674091331672172;2.1664448340733844;2.2399678230285645;0.17409999668598175;0.2261333355369667;
1064693.0859088898;945.9888935089111;0.15611539134411176;0.1762;0.12675271657876871;2.185730202992757;2.2395477294921875;0.1762000024318695;0.19813333315153916;
1064693.0859088898;954.3859958648682;0.17851221186557897;0.1761;0.13371107125739173;2.1603126525878906;2.2394192218780518;0.1761000007390976;0.20293333614245057;
1064693.0859088898;1030.2865505218506;0.18190785875438747;0.1699;0.11730947598513705;2.168697396914164;2.236760139465332;0.16990000009536743;0.21360000011821587;
1064693.0859088898;980.0772666931152;0.18504312576933907;0.185;0.14510738485059554;2.077599851290385;2.20941424369812;0.1850000023841858;0.25840000162522;
1064693.0859088898;904.5431613922119;0.17539037388920084;0.19870000000000002;0.16344977228261587;2.1791067202885945;2.224912405014038;0.19869999587535858;0.20426666662096976;
1064693.0859088898;1021.7506885528564;0.19780732136175258;0.1812;0.15082619026548832;2.188505482673645;2.2201757431030273;0.18119999766349792;0.19760000106568137;
1064693.0859088898;919.003963470459;0.18907014813132667;0.17530000000000004;0.15605288542240697;2.1349844535191855;2.215689182281494;0.1753000020980835;0.22906666782995064;
1064693.0859088898;937.7119541168213;0.18691231506370717;0.17509999999999998;0.14525217191031925;2.140782674153646;2.2310898303985596;0.17509999871253967;0.20266666896641256;
1064693.0859088898;961.4946842193604;0.2141043645638952;0.1588;0.12599545153725283;2.109637411435445;2.2390542030334473;0.15880000591278076;0.21893333463619152;
1064693.0859088898;1028.9642810821533;0.19840481488046285;0.1631;0.12386296353692128;2.154019602139791;2.2446577548980713;0.163100004196167;0.2058666664796571;
1064693.0859088898;938.6930465698242;0.20736356384222807;0.1649;0.12931362969695218;2.1737087885538737;2.243001937866211;0.164900004863739;0.19893333176150918;
1064693.0859088898;1041.715383529663;0.20540389630162173;0.16390000000000002;0.13875903211883026;2.186555282274882;2.2283082008361816;0.1639000028371811;0.18133333163956802;
1064693.0859088898;905.7397842407227;0.2168482949020436;0.1669;0.14826899904566027;2.1469486951828003;2.2176120281219482;0.16689999401569366;0.22666666647419334;
1064693.0859088898;967.3783779144287;0.2035690460228427;0.189;0.1707644554920265;2.142493001619975;2.1923282146453857;0.1889999955892563;0.22613333413998285;
1064693.0859088898;972.6171493530273;0.21472582457543715;0.19700000000000004;0.16581366223619096;2.1406883160273233;2.189936876296997;0.19699999690055847;0.21413333428402742;
1064693.0859088898;961.7655277252197;0.2210639377007913;0.17149999999999999;0.14676088910516188;2.14802135626475;2.2048087120056152;0.17149999737739563;0.21226666513830422;
1064693.0859088898;957.503080368042;0.22578478538867297;0.1705;0.14092655183273156;2.132562271753947;2.2024731636047363;0.1704999953508377;0.2154666668114563;
1064693.0859088898;962.0814323425293;0.22268644646069333;0.17190000000000003;0.13254492644381227;2.073320166269938;2.2226052284240723;0.17190000414848328;0.2333333342957;
1064693.0859088898;943.3362483978271;0.17877015733496887;0.1742;0.13604639439022054;2.1770742336908975;2.2468812465667725;0.17419999837875366;0.20240000247334441;
1064693.0859088898;896.4636325836182;0.2239440073701787;0.17370000000000002;0.14119638961311903;2.1633263270060223;2.197538137435913;0.1737000048160553;0.19946666657924653;
1064693.0859088898;967.8192138671875;0.22002325629762778;0.1948;0.1711946848320319;2.124357557296753;2.1726644039154053;0.19480000436306;0.21173333326975505;
1064693.0859088898;940.298318862915;0.23106470176929098;0.20390000000000003;0.19824626999358913;2.0752962986628214;2.175816297531128;0.20389999449253082;0.23573333472013475;
1064693.0859088898;860.5365753173828;0.23701010714191567;0.203;0.1869980183077976;2.0707919041315717;2.192105770111084;0.2029999941587448;0.2661333297689756;
1064693.0859088898;973.4485149383545;0.226128634516155;0.20739999999999997;0.17921164382815752;2.094922924041748;2.1890761852264404;0.20739999413490295;0.24373332920173804;
1064693.0859088898;924.9024391174316;0.21648769988326197;0.1975;0.1502882095382756;2.1410426616668703;2.2010154724121094;0.19750000536441803;0.23493333446482817;
1064693.0859088898;936.077356338501;0.24066734928982686;0.2177;0.18980140214019625;2.1089238564173383;2.168281078338623;0.21770000457763672;0.23439999793966612;
1064693.0859088898;1017.9476737976074;0.22550648575255047;0.2008;0.15655667753151525;2.1539225419362387;2.170933723449707;0.20080000162124634;0.19333333612109224;
1064693.0859088898;996.8430995941162;0.22217055252302537;0.1911;0.1625303386613626;2.1117726723353067;2.1794092655181885;0.19110000133514404;0.24853333452095588;
1064693.0859088898;1017.8818702697754;0.21428592594809698;0.205;0.16183743228289793;2.1159159183502196;2.176574468612671;0.20499999821186066;0.23840000179285806;
1064693.0859088898;996.7846870422363;0.2122333647864194;0.20350000000000001;0.16529142437036073;2.0804824670155844;2.1752514839172363;0.20350000262260437;0.25786666659017404;
1064693.0859088898;961.033821105957;0.20713543896726455;0.19770000000000001;0.14447974540712596;2.126394025484721;2.1749629974365234;0.19769999384880066;0.2365333318710327;
1064693.0859088898;944.6396827697754;0.21348953404711984;0.1961;0.16508835585889486;2.149920376141866;2.1662847995758057;0.19609999656677246;0.20346666673819225;
1064693.0859088898;924.1256713867188;0.22831839953629335;0.21459999999999999;0.20055816822070996;2.078677797317505;2.1507294178009033;0.21459999680519104;0.24906667098402976;
1064693.0859088898;901.9680023193359;0.1924938414859629;0.21060000000000004;0.18724264209444236;2.087491830190023;2.1876041889190674;0.21060000360012054;0.2504000040392081;
1064693.0859088898;981.4643859863281;0.21823282295684399;0.2029;0.14909090447161172;2.077231939633687;2.1930108070373535;0.2029000073671341;0.24853333160281182;
1064693.0859088898;1036.3903045654297;0.20849639407385784;0.20339999999999997;0.14999612500383738;2.1082250595092775;2.1878538131713867;0.20340000092983246;0.23706666389480233;
1064693.0859088898;868.1716918945312;0.2240386798034096;0.20620000000000002;0.16140484413614498;2.1201611757278442;2.1693711280822754;0.2062000036239624;0.24720000152786573;
1064693.0859088898;981.4169406890869;0.22548088963727989;0.21639999999999998;0.18671932612301742;2.090811920166016;2.1463005542755127;0.21639999747276306;0.2400000015894572;
1064693.0859088898;1012.803316116333;0.28311943113217763;0.20220000000000002;0.18166009269569366;2.096612286567688;2.1697068214416504;0.2021999955177307;0.24533333331346513;
1064693.0859088898;981.4987182617188;0.26293743775764383;0.2223;0.1962271769607308;2.1079623699188232;2.1473028659820557;0.2222999930381775;0.2453333372871081;
1064693.0859088898;1010.7822418212891;0.25422766604387614;0.22549999999999998;0.21150244417883207;2.087481959660848;2.140732765197754;0.22550000250339508;0.24266666769981385;
1064693.0859088898;992.7463531494141;0.24653266020500308;0.20930000000000004;0.19825540570147843;2.053508694966634;2.1576411724090576;0.2092999964952469;0.2800000046690305;
