607786.5519523621;1232.4364185333252;0.06883395443651334;0.11618808818569341;0.06759524644506881;116.24347839355468;220.97970581054688;0.12049999833106995;0.12266666563227772;
607786.5519523621;817.7375793457031;0.1152799717676696;0.12186074578423056;0.09566151451185549;82.78478897942438;117.75444793701172;0.12710000574588776;0.1511111101342572;
607786.5519523621;845.2544212341309;0.14229584986627217;0.14632650870229516;0.13489986684061112;72.71579331292047;86.78009033203125;0.14949999749660492;0.1791111113710536;
607786.5519523621;835.796594619751;0.17975643182408135;0.17421815043874897;0.17179888008621327;62.20319076114231;71.55609130859375;0.17679999768733978;0.22644444265299374;
607786.5519523621;735.0056171417236;0.22424388571306966;0.21853018857654308;0.21422727482440593;57.258066940307614;63.26401901245117;0.22210000455379486;0.23333333532015482;
607786.5519523621;806.1089515686035;0.26125504982451986;0.24074431854659983;0.2415418661256207;47.82233986324734;54.525367736816406;0.2418999969959259;0.30911111070050135;
607786.5519523621;816.4889812469482;0.3062795146437932;0.29857955741477427;0.295337527771424;42.482255363464354;47.79396438598633;0.302700012922287;0.34466666496462295;
607786.5519523621;813.3785724639893;0.34716708289931225;0.3364627062554615;0.33660764826507494;37.93322729534573;41.614131927490234;0.3402999937534332;0.37155555850929683;
607786.5519523621;793.900728225708;0.37946357889332105;0.3739410781709619;0.3721363358864591;35.62505465613471;37.273807525634766;0.3797000050544739;0.388222223189142;
607786.5519523621;828.960657119751;0.41671197177998964;0.41009353362244444;0.41102299593716973;29.940496476491294;33.61444854736328;0.4147999882698059;0.4693333304590649;
607786.5519523621;755.3198337554932;0.4363638911323043;0.4410479184555512;0.43070908589768553;28.66576175954607;32.147701263427734;0.446399986743927;0.47933333151870305;
607786.5519523621;817.7926540374756;0.46677289716116305;0.471388402167228;0.46259265185010595;26.59676767455207;29.01219940185547;0.47620001435279846;0.482888886001375;
607786.5519523621;723.9694595336914;0.4988705998557343;0.4986091742582725;0.49745679888069977;23.236643762058684;25.24299430847168;0.5030999779701233;0.5324444409873751;
607786.5519523621;809.2045783996582;0.5261070665822548;0.5255693310265332;0.5205579667785438;22.98175993760427;24.22699737548828;0.5310999751091003;0.5397777762677934;
607786.5519523621;720.1004028320312;0.5451302653796413;0.5394135605454096;0.5357603788938734;21.730401256349353;22.825349807739258;0.5442000031471252;0.5506666633817885;
607786.5519523621;787.8079414367676;0.56510894209461;0.5594821408496141;0.5570020283787199;20.344652774598863;21.01001739501953;0.5641999840736389;0.5746666683091057;
607786.5519523621;802.5763034820557;0.5765121765330826;0.5727606986274583;0.56894673605111;18.707230756017896;20.135644912719727;0.5770000219345093;0.6024444421132406;
607786.5519523621;839.7700786590576;0.5910346789775791;0.5886868649098369;0.5842699743960644;17.41063061290317;18.848058700561523;0.5935999751091003;0.6148888885974884;
607786.5519523621;790.1308536529541;0.6000392047984097;0.5944668294223476;0.5864370237250244;17.508416657977634;18.83718490600586;0.5981000065803528;0.6131111065546672;
607786.5519523621;823.6813545227051;0.6215367068564865;0.6157012992224327;0.6119514838592451;16.29050602118174;17.101789474487305;0.6195999979972839;0.6328888846768274;
607786.5519523621;826.9119262695312;0.6307402417104623;0.6238052843581592;0.6184991456110787;15.713236085573833;16.74355697631836;0.628000020980835;0.6448888917764027;
607786.5519523621;844.7027206420898;0.6422073454964708;0.637187987442754;0.632617616862326;14.886075301965077;15.657833099365234;0.6413000226020813;0.6566666682561239;
607786.5519523621;815.3402805328369;0.65363529898446;0.6502425087065596;0.6481228314503984;12.633410514063305;14.653409004211426;0.6543999910354614;0.6966666632228428;
607786.5519523621;781.1141014099121;0.6549843196356107;0.6547963135585495;0.6480186647317717;13.785466723971897;14.545159339904785;0.6590999960899353;0.6895555516084035;
607786.5519523621;831.9029808044434;0.6618581805227324;0.6633801855712097;0.6543989484226721;14.074506711297564;14.220309257507324;0.6671000123023987;0.6662222213215299;
607786.5519523621;748.2645511627197;0.6778448489738846;0.6781431248272961;0.6755576634935236;13.211711928579543;12.948325157165527;0.6823999881744385;0.6860000034173329;
607786.5519523621;789.5603179931641;0.6862521226373876;0.6830098547097865;0.679516559943888;13.025936863157485;12.837017059326172;0.6873999834060669;0.6900000009271834;
607786.5519523621;828.6833763122559;0.6901856747497818;0.6901595496669074;0.6860518759750314;12.513525801234776;12.194965362548828;0.6944000124931335;0.6928888910346561;
607786.5519523621;810.8842372894287;0.6999914846544539;0.6975162270621837;0.6960339727609934;12.05729334751765;11.71592903137207;0.701200008392334;0.7004444433583153;
607786.5519523621;796.8833446502686;0.703670053850806;0.7024051099030435;0.6998020219282224;10.910388369030423;11.347826957702637;0.7064999938011169;0.7246666669845581;
607786.5519523621;821.3684558868408;0.7054958499067321;0.7057516351330321;0.7028772201667042;11.689880351887808;11.192219734191895;0.7092999815940857;0.7051111135217879;
607786.5519523621;809.2484474182129;0.7142977167227234;0.7140635642234859;0.7132551156746748;10.35781794389089;10.588809967041016;0.7177000045776367;0.724666663673189;
607786.5519523621;811.9702339172363;0.7160396803088199;0.715601543464333;0.7124097402576414;10.571496472756069;10.655861854553223;0.7192000150680542;0.7202222247918447;
607786.5519523621;738.8889789581299;0.7232759372201231;0.7229985528956933;0.7204795538370924;10.224912779033184;10.28170394897461;0.7267000079154968;0.7311111085944706;
607786.5519523621;824.1543769836426;0.7289986446829392;0.7282170339802364;0.7260760786708215;10.314697455863158;9.933276176452637;0.7321000099182129;0.7340000006887648;
607786.5519523621;849.3344783782959;0.7352700742305512;0.7328747665683067;0.7315131971400042;9.911033610502878;9.620768547058105;0.7369999885559082;0.7331111113230387;
607786.5519523621;803.0362129211426;0.7373932355281005;0.7362853420739389;0.73483290250005;8.78552147116926;9.374981880187988;0.7401000261306763;0.7591111063957214;
607786.5519523621;805.4952621459961;0.74442321689636;0.7392581110104712;0.7377069904233768;9.936999654769897;9.303982734680176;0.7437999844551086;0.7415555583106147;
607786.5519523621;782.5143337249756;0.7452335308669018;0.7413679281971935;0.7398570249562029;9.053507756524615;9.128801345825195;0.7451000213623047;0.7533333341280619;
607786.5519523621;798.0625629425049;0.749053287485112;0.7445732210603827;0.7432375086994577;8.873357057571411;8.954833030700684;0.7487000226974487;0.7633333365122478;
607786.5519523621;851.5889644622803;0.751847321856601;0.7481798685361458;0.7461643231913143;9.50669124060207;8.892718315124512;0.7516000270843506;0.7444444457689922;
607786.5519523621;676.7597198486328;0.7552593992697331;0.7510254140432501;0.7503964644380389;8.931099834707048;8.564645767211914;0.7544000148773193;0.7537777781486511;
607786.5519523621;777.2247791290283;0.758722177618045;0.7525352257317579;0.7524625284675365;8.321602322326767;8.41545581817627;0.7565000057220459;0.7700000001324547;
607786.5519523621;817.4793720245361;0.7561373898376227;0.7538675916546491;0.7511547213992803;8.019609543717364;8.370165824890137;0.7573999762535095;0.7691111114290026;
607786.5519523621;784.1744422912598;0.7612730856679372;0.7543931319100222;0.7526859585146364;8.752231358819538;8.331377983093262;0.7588000297546387;0.7526666680971782;
607786.5519523621;769.1881656646729;0.7645820717843149;0.7618515631448869;0.7612581250080337;7.7059033880631125;7.877860069274902;0.7651000022888184;0.7877777775128683;
607786.5519523621;759.0563297271729;0.7646296169781633;0.765127872584601;0.7629850366003021;7.326670713722706;7.81171178817749;0.7681000232696533;0.791777777671814;
607786.5519523621;842.8401947021484;0.7632323162038888;0.7637581479083065;0.7604389711003099;7.862393828729789;7.770520210266113;0.7674000263214111;0.7702222201559279;
607786.5519523621;860.7654571533203;0.7662922678546543;0.7642806767342398;0.7603355884930564;8.185413534442583;7.862607002258301;0.767300009727478;0.761555556456248;
607786.5519523621;808.2609176635742;0.7714682731607156;0.7713753842587255;0.7694213144468194;7.514158134327994;7.4338178634643555;0.7742999792098999;0.7777777764532301;
