910664.0977859497;1530.5089950561523;0.05029733937074913;0.10470000000000002;0.04551534182350606;2.4592092275619506;2.744497537612915;0.1046999990940094;0.12419999840203673;
910664.0977859497;948.5166072845459;0.05207406935725879;0.12610000000000002;0.0594012397691462;2.1917564471562705;2.467022180557251;0.12610000371932983;0.1733333325323959;
910664.0977859497;1053.896427154541;0.0693391920442771;0.1303;0.07440316060277305;2.2390180667241415;2.5124127864837646;0.13030000030994415;0.17040000058089694;
910664.0977859497;913.2628440856934;0.07230789255785505;0.12930000000000003;0.07854545056129042;2.2370137612024945;2.535371780395508;0.12929999828338623;0.17813333418841162;
910664.0977859497;902.8871059417725;0.07339719272254597;0.1286;0.08568584417657103;2.1772236108779905;2.5248892307281494;0.12860000133514404;0.18666666842376192;
910664.0977859497;1000.3798007965088;0.07982994378644666;0.13749999999999998;0.09126714738450534;2.105213260650635;2.525009870529175;0.13750000298023224;0.19573333260292808;
910664.0977859497;956.233024597168;0.08771255288845818;0.1368;0.09656607515133231;2.2172470410664875;2.536916971206665;0.13680000603199005;0.19173332946375013;
910664.0977859497;906.9900512695312;0.07897365847963954;0.13490000000000002;0.09255127857924118;2.0878885984420776;2.5265142917633057;0.13490000367164612;0.20106666578600804;
910664.0977859497;996.2272644042969;0.09120229255034934;0.1406;0.1014148695025248;2.1425464312235514;2.530160665512085;0.14059999585151672;0.20826666749392947;
910664.0977859497;978.7135124206543;0.09739160002396337;0.1454;0.10206938263489511;2.19296715259552;2.5297553539276123;0.1454000025987625;0.2050666649825871;
910664.0977859497;997.194766998291;0.08628582374248159;0.14420000000000002;0.10289693899054683;2.0818615674972536;2.509932518005371;0.14419999718666077;0.20533333215862512;
910664.0977859497;966.2086963653564;0.09364274459219021;0.14850000000000002;0.10715418891293235;2.1787628253300984;2.5185458660125732;0.148499995470047;0.19813333402077357;
910664.0977859497;946.0442066192627;0.08524974776554368;0.1451;0.10328918200843837;2.0444682836532593;2.491183042526245;0.14509999752044678;0.22514285729266703;
910664.0977859497;967.803955078125;0.08924138949030644;0.1508;0.10908059400784649;2.1667739152908325;2.5386085510253906;0.15080000460147858;0.2160000001390775;
910664.0977859497;1047.391414642334;0.09251187220715229;0.1552;0.11340158356923302;2.1283053318659464;2.4885542392730713;0.15520000457763672;0.2186666692296664;
910664.0977859497;996.0885047912598;0.09437282587669563;0.1574;0.11358677308858281;2.1121214389801026;2.4706926345825195;0.1573999971151352;0.22320000128820539;
910664.0977859497;779.9756526947021;0.09554512959221087;0.1592;0.11492530342364723;2.1026517868041994;2.467090129852295;0.15919999778270721;0.22346666951974234;
910664.0977859497;875.4253387451172;0.09734641926838096;0.1622;0.11777159165723092;2.035373075803121;2.4676880836486816;0.16220000386238098;0.22319999970495702;
910664.0977859497;796.2303161621094;0.10890320731251121;0.16620000000000001;0.12426260192274548;2.0270634015401203;2.483389139175415;0.16619999706745148;0.2224000019331773;
910664.0977859497;923.4468936920166;0.1256971597118786;0.1655;0.1247604979141608;2.0919068654378257;2.501187324523926;0.1655000001192093;0.22746666719516118;
910664.0977859497;930.5222034454346;0.11511238942076643;0.168;0.12895054844173276;2.0416878121239797;2.5049734115600586;0.1679999977350235;0.24657142907381058;
910664.0977859497;959.9907398223877;0.1080953951783542;0.162;0.11851939281055932;2.0248828728993735;2.542292356491089;0.16200000047683716;0.2333333373069763;
910664.0977859497;973.3736515045166;0.11818161464235274;0.17140000000000002;0.13488313143694713;2.038692251841227;2.5344879627227783;0.17139999568462372;0.23599999845027925;
910664.0977859497;921.9303131103516;0.11982870584754798;0.17429999999999998;0.13670110372352248;2.024460732936859;2.538109064102173;0.17430000007152557;0.25571428502111565;
910664.0977859497;944.3516731262207;0.11058578346947542;0.1654;0.12248960988082336;1.890918689114707;2.5676567554473877;0.16539999842643738;0.2562857145177467;
910664.0977859497;984.6107959747314;0.1202765451028879;0.17409999999999998;0.13546976907415298;2.0141960620880126;2.6238701343536377;0.17409999668598175;0.24239999651908875;
910664.0977859497;890.9554481506348;0.12134135113261854;0.17720000000000002;0.1396243303001312;2.023938004175822;2.602043867111206;0.17720000445842743;0.24480000386635462;
910664.0977859497;902.4102687835693;0.11996583693198803;0.1778;0.14061629881545987;1.8726604580879211;2.5959055423736572;0.1777999997138977;0.2648571426314967;
910664.0977859497;945.3473091125488;0.12290292714087814;0.1789;0.1435342875872953;1.9900491322789873;2.666262626647949;0.17890000343322754;0.2657142849639058;
910664.0977859497;910.5801582336426;0.1193474694027393;0.1812;0.13600137508935434;1.9997562084879195;2.6498005390167236;0.18119999766349792;0.2671428567596844;
910664.0977859497;976.5331745147705;0.1116857586482699;0.18460000000000001;0.13687530948569565;2.042968307222639;2.6554372310638428;0.18459999561309814;0.2677142896822521;
910664.0977859497;973.2537269592285;0.11453741251632743;0.186;0.13884080671050156;1.9842403360775538;2.6365556716918945;0.1860000044107437;0.2717142850160599;
910664.0977859497;764.2743587493896;0.113344566028354;0.1869;0.1382435230361278;2.0148865239960805;2.623774528503418;0.18690000474452972;0.27457142621278763;
910664.0977859497;874.8667240142822;0.11481341875880702;0.18730000000000002;0.13949480012358476;2.1661421775817873;2.6149377822875977;0.18729999661445618;0.25626667390267055;
910664.0977859497;866.239070892334;0.113855987745811;0.1888;0.1364252911193073;2.0063928621155873;2.5189592838287354;0.18880000710487366;0.2748571453349931;
910664.0977859497;888.0023956298828;0.11485388689545528;0.189;0.13734920101765993;2.1020283857981363;2.5131795406341553;0.1889999955892563;0.2575999990105629;
910664.0977859497;963.9356136322021;0.11446958146031946;0.19;0.13669971448734247;2.0729458491007486;2.4659061431884766;0.1899999976158142;0.25946666598320006;
910664.0977859497;879.5137405395508;0.11628006941132452;0.19180000000000003;0.14009121405065955;2.0160589536031086;2.4325618743896484;0.19179999828338623;0.26319999744494754;
910664.0977859497;979.1977405548096;0.14266530396871677;0.1931;0.14347945907763165;1.982987070083618;2.4375247955322266;0.1931000053882599;0.2688000023365021;
910664.0977859497;866.0244941711426;0.14073448263649727;0.2004;0.15585167624748106;2.077235190073649;2.468435764312744;0.2003999948501587;0.26640000032881894;
910664.0977859497;862.3597621917725;0.14329801261849223;0.1943;0.14518283644804666;1.9373055270739965;2.4576072692871094;0.19429999589920044;0.28428571934013497;
910664.0977859497;913.4681224822998;0.1414034257028185;0.1946;0.14335903184142343;1.968030376093728;2.511644124984741;0.19460000097751617;0.28571429047068314;
910664.0977859497;976.4180183410645;0.1555571913385605;0.1955;0.1454897458620431;1.9390445436750139;2.523848056793213;0.19550000131130219;0.2902857171637671;
910664.0977859497;941.2763118743896;0.14607866513724455;0.1964;0.1449498178892716;2.0936558405558268;2.5530223846435547;0.1964000016450882;0.26906666553889713;
910664.0977859497;971.6701507568359;0.15617491801997505;0.198;0.1440291342145527;2.0122875610987347;2.501837730407715;0.1979999989271164;0.2714666679191093;
910664.0977859497;1008.5105895996094;0.16267112649304824;0.19870000000000002;0.14705473049187856;1.9850481430689493;2.4582417011260986;0.19869999587535858;0.27466666838154197;
910664.0977859497;938.6684894561768;0.15349104518196297;0.19940000000000002;0.14557254518988677;2.028639856974284;2.4662230014801025;0.19939999282360077;0.2741333325083057;
910664.0977859497;851.9120216369629;0.1656200535518915;0.20049999999999998;0.1478799225155188;2.005965292453766;2.4567172527313232;0.2004999965429306;0.2951428565263216;
910664.0977859497;969.4714546203613;0.13831289275040262;0.20129999999999998;0.14839881879127564;2.0117140769958497;2.4643731117248535;0.2012999951839447;0.27919999600077666;
910664.0977859497;833.7750434875488;0.12627469262277558;0.2003;0.1472972652665287;1.9714843432108562;2.4612045288085938;0.20029999315738678;0.27893333286046984;
910664.0977859497;759.8886489868164;0.13138908054483928;0.19949999999999996;0.14870459555539012;2.0241772333780923;2.479940176010132;0.19949999451637268;0.2791999995087584;
910664.0977859497;978.5480499267578;0.13208235733359308;0.2029;0.15001079984723906;1.9424311876296998;2.4558403491973877;0.2029000073671341;0.2784000026683013;
910664.0977859497;1008.8198184967041;0.13407391901824334;0.20309999999999997;0.15454266352160323;2.0176170508066815;2.48882794380188;0.20309999585151672;0.28026666877170403;
910664.0977859497;940.8025741577148;0.18297007208692412;0.2044;0.1514885083551148;1.9063617076192583;2.466704845428467;0.20440000295639038;0.2999999980176134;
910664.0977859497;993.7808513641357;0.16336193151389058;0.20469999999999997;0.15151056952482933;1.9273307164510092;2.5167078971862793;0.20469999313354492;0.28346666836490236;
910664.0977859497;972.4693298339844;0.15282641987442105;0.2068;0.15555416871538968;1.9818483034769694;2.5144991874694824;0.20679999887943268;0.2853333368897438;
910664.0977859497;832.8759670257568;0.18291014979063563;0.2029;0.15255105945511876;1.9142369508743287;2.523843288421631;0.2029000073671341;0.2800000006953875;
910664.0977859497;914.642333984375;0.1876952115867663;0.20579999999999998;0.15969404143497884;1.9579588333765665;2.552670478820801;0.20579999685287476;0.28186666369438174;
910664.0977859497;977.8876304626465;0.13765513034472315;0.20339999999999997;0.15956395814741442;2.1158583879470827;2.562882900238037;0.20340000092983246;0.28133333021154006;
910664.0977859497;913.0959510803223;0.13524209226403264;0.2069;0.15328769454682054;2.0730568091074626;2.489471912384033;0.2069000005722046;0.28266666578128935;
910664.0977859497;973.2322692871094;0.1374650481194338;0.20829999999999999;0.15302774434295413;2.0126671393712363;2.44437575340271;0.20829999446868896;0.2858666643189887;
910664.0977859497;968.8601493835449;0.13774917972942943;0.20939999999999998;0.15365442251196432;1.9988385995229085;2.420841693878174;0.2093999981880188;0.2858666663058102;
910664.0977859497;975.271463394165;0.1389383417744031;0.21059999999999998;0.15506886159983596;1.9389758030573527;2.4121921062469482;0.21060000360012054;0.28506666611259185;
910664.0977859497;967.5557613372803;0.17396146314620645;0.2113;0.1560241562245308;1.902089740548815;2.4192607402801514;0.21130000054836273;0.30657143195691916;
910664.0977859497;843.2431221008301;0.17811229813281315;0.2125;0.15804707181245986;2.0710329453150433;2.4594638347625732;0.21250000596046448;0.2861333359964192;
910664.0977859497;987.2379302978516;0.178556480893577;0.21390000000000003;0.1561552381784107;1.965191332499186;2.4211583137512207;0.21389999985694885;0.2904000017171105;
910664.0977859497;906.3680171966553;0.23402024268861665;0.21159999999999995;0.15585783803381908;1.810654606137957;2.430955171585083;0.21160000562667847;0.30714285533343044;
910664.0977859497;988.7895584106445;0.14051788338609353;0.2096;0.1602405226223286;1.9046389630862646;2.524071216583252;0.20960000157356262;0.3097142885173006;
910664.0977859497;922.3897457122803;0.13627181744469913;0.21139999999999998;0.15778613278565484;1.946589962641398;2.537168502807617;0.21140000224113464;0.2920000000235935;
910664.0977859497;988.4545803070068;0.18768219604361064;0.2138;0.15711219965140946;1.9867938995361327;2.4840574264526367;0.21379999816417694;0.2909333323128521;
910664.0977859497;893.8748836517334;0.19165927757877146;0.21480000000000002;0.15884463321479622;2.0145825942357383;2.460334300994873;0.21480000019073486;0.29146667023499806;
910664.0977859497;909.5962047576904;0.24103738162910138;0.2145;0.1594500282610936;2.0604803562164307;2.4587502479553223;0.21449999511241913;0.2928000007756054;
910664.0977859497;902.4949073791504;0.14229779834085138;0.2143;0.15762308547904239;1.9199098745981853;2.4091453552246094;0.2143000066280365;0.293600003918012;
910664.0977859497;1021.942138671875;0.14598357231506137;0.2171;0.16420801245068284;1.9915939648946126;2.430622100830078;0.21709999442100525;0.2965333356211583;
910664.0977859497;897.9263305664062;0.14077684142961247;0.2162;0.16015778538579842;1.8786112580980574;2.404447317123413;0.21619999408721924;0.31657142667765065;
