519386.7361545563;1249.4475841522217;0.13521373525106367;0.13124862406393029;0.07165916472492968;108.73383264541626;199.49363708496094;0.13950000703334808;0.17316666627302765;
519386.7361545563;715.7008647918701;0.18248909560489074;0.17194555142554044;0.12905214960875777;67.8374202940199;107.0176010131836;0.18199999630451202;0.2566666682147317;
519386.7361545563;794.2256927490234;0.20493676984696382;0.20587123317439487;0.17689464234186017;60.03464860916138;83.94422149658203;0.2134000062942505;0.2780000010298358;
519386.7361545563;749.1860389709473;0.24464709771107987;0.24028030796445946;0.22152408751103483;50.46216118335724;67.93196105957031;0.2476000040769577;0.3284090921621431;
519386.7361545563;813.4322166442871;0.28153819905849764;0.2732218682452731;0.257315509798154;45.42257605658637;60.11431884765625;0.28049999475479126;0.34688888755109576;
519386.7361545563;806.884765625;0.31826613273689297;0.30534295544106754;0.2950600554288999;41.67843108707004;52.80134201049805;0.31279999017715454;0.38822222583823734;
519386.7361545563;781.684160232544;0.34723137297344386;0.336944639996691;0.32581960887499745;37.73196429146661;47.50663757324219;0.3449000120162964;0.42088888833920163;
519386.7361545563;843.0275917053223;0.3757038346307637;0.3680544381328107;0.35530093108634825;33.25680195743387;42.93196487426758;0.3767000138759613;0.4618181809782982;
519386.7361545563;798.7940311431885;0.4045710055933581;0.3993179684591832;0.3849650598155825;31.096184974366967;39.56859588623047;0.40869998931884766;0.4868181793188507;
519386.7361545563;807.999849319458;0.4296217716169945;0.42430623409636725;0.4062107043129436;27.36769264539083;37.57166290283203;0.4341999888420105;0.520666664135125;
519386.7361545563;838.648796081543;0.45460238951551213;0.45140999820240496;0.42982156584584164;25.926175445980498;35.37165832519531;0.46160000562667847;0.5444444400154882;
519386.7361545563;773.5157012939453;0.47214621600280304;0.4737596641293349;0.45014487075066106;23.70363368988037;33.48133850097656;0.48489999771118164;0.5693333324458864;
519386.7361545563;792.8590774536133;0.4921171503336236;0.4962164942669851;0.47131855160159286;22.297949353853863;31.39089012145996;0.5074999928474426;0.5962222184571955;
519386.7361545563;790.618896484375;0.5048922133480757;0.5072484578313335;0.4755467651342438;21.67937993473477;31.566097259521484;0.51910001039505;0.6079999967167775;
519386.7361545563;826.7285823822021;0.5205758275649048;0.520250316708465;0.48539939748251637;21.219931218359207;31.02779769897461;0.5320000052452087;0.6188888848241832;
519386.7361545563;803.6653995513916;0.5370870496151087;0.5323226063778491;0.4975320710733707;20.769393282466464;29.831653594970703;0.5437999963760376;0.6259999977631702;
519386.7361545563;799.7031211853027;0.5519832689178809;0.5416704245195378;0.5052336026785694;18.159865652190316;29.067718505859375;0.5532000064849854;0.6526666652411223;
519386.7361545563;807.3036670684814;0.5596462367370386;0.5494640029740968;0.5101894977093238;18.125186997381125;28.549537658691406;0.5612999796867371;0.6647727268917317;
519386.7361545563;838.6375904083252;0.5690047836221461;0.5543238718296458;0.5141979198852052;17.22295292218526;27.868783950805664;0.566100001335144;0.6764444459229708;
519386.7361545563;748.1341361999512;0.5795594344616346;0.5625959721622233;0.5207470488176451;16.477842803796133;27.839000701904297;0.5746999979019165;0.6877777782993184;
519386.7361545563;832.4902057647705;0.5836996405062915;0.5706999846641458;0.5297184018188303;17.315816131565306;26.570507049560547;0.5834000110626221;0.6817777786817816;
519386.7361545563;817.3549175262451;0.5926137047861921;0.5755322183430186;0.5359375142965954;15.570067359341515;26.0048828125;0.5881999731063843;0.6944444446100129;
519386.7361545563;808.2334995269775;0.5999246871502759;0.5820953647837231;0.5417455633157311;14.050554220543967;25.483495712280273;0.5949000120162964;0.7146666660904885;
519386.7361545563;754.4834613800049;0.6048830477871814;0.5889768581346264;0.5463214538755989;14.102318909433153;25.179269790649414;0.6021000146865845;0.7233333337638114;
519386.7361545563;702.3167610168457;0.6072518299016612;0.5939404096466812;0.5492457802790326;11.430499820885332;24.90483856201172;0.6075999736785889;0.7529545480554755;
519386.7361545563;816.5760040283203;0.6160476594934147;0.5965322436509081;0.5494561938089334;14.92007441388236;25.453432083129883;0.6104999780654907;0.7246666672329108;
519386.7361545563;795.8121299743652;0.6138621814546202;0.596787496937712;0.5484268200302798;12.335512193375164;24.664247512817383;0.6108999848365784;0.7466666652096643;
519386.7361545563;793.8199043273926;0.6251642817392081;0.6079381399709555;0.5615487134459615;13.390471967723634;24.067928314208984;0.621999979019165;0.7428888869782289;
519386.7361545563;853.1777858734131;0.6274669742178048;0.6091973946341481;0.562568213786598;12.839359057897871;23.614126205444336;0.623199999332428;0.7586363619193435;
519386.7361545563;826.6003131866455;0.6324884008906044;0.6084922674207162;0.5607020706020893;13.597383902966977;23.32708168029785;0.6225000023841858;0.7413333324094613;
519386.7361545563;858.8433265686035;0.6417937739759509;0.6174488764215282;0.5727187040133894;11.245163410488102;22.382822036743164;0.6312000155448914;0.766222220328119;
519386.7361545563;771.2557315826416;0.648072642212918;0.6233358421631229;0.5789699389088087;12.871506877988576;21.916515350341797;0.6371999979019165;0.7537777776519458;
519386.7361545563;814.2683506011963;0.6544200650682909;0.6301643831922547;0.5909513690675683;11.83709316427509;20.234703063964844;0.6434999704360962;0.7582222253912025;
519386.7361545563;842.2534465789795;0.6593060135804626;0.6362855625057489;0.5985428824587634;10.721240126869331;19.598148345947266;0.6495000123977661;0.7731111124157906;
519386.7361545563;716.3069248199463;0.6635935806102194;0.6396010844327549;0.6026994956458435;11.96470759936298;19.126455307006836;0.6527000069618225;0.7602222205864059;
519386.7361545563;848.4659194946289;0.6697096416074416;0.6458560609943195;0.6117415822960158;9.782659447461548;18.285531997680664;0.6585999727249146;0.7839999968806902;
519386.7361545563;678.3475875854492;0.6722388194344322;0.6477471063494998;0.6129126642584961;11.114157542812366;18.24320411682129;0.6607000231742859;0.7666666660043928;
519386.7361545563;820.4922676086426;0.6742148767999033;0.64806271124476;0.6144885345382529;10.15623167322693;17.79703140258789;0.6607999801635742;0.7735555570986535;
519386.7361545563;829.8394680023193;0.6771866018140562;0.6518515141705055;0.6190099837328049;10.643909443446642;17.385744094848633;0.6644999980926514;0.7751111106740104;
519386.7361545563;819.0686702728271;0.6795858646156295;0.6519513850734249;0.6182493945873581;9.44979585264292;17.388994216918945;0.6646999716758728;0.7873333331611422;
519386.7361545563;749.5439052581787;0.6825728984895308;0.6544133089167389;0.6205591180793099;10.273723581077583;17.27899742126465;0.6672999858856201;0.7762222217188941;
519386.7361545563;759.1722011566162;0.6840770641612574;0.6562368747382751;0.6234314407199004;8.49097499950763;16.898649215698242;0.6687999963760376;0.7977777772479587;
519386.7361545563;760.3061199188232;0.6910493918120064;0.6604285218400519;0.6266739397321246;9.107809368879481;16.84515380859375;0.67330002784729;0.7970454540442337;
519386.7361545563;735.5527877807617;0.6947783920943665;0.6657506583636521;0.633741302056681;9.114049012110465;16.351781845092773;0.6783999800682068;0.7942222242554029;
519386.7361545563;749.9666213989258;0.7010486911908886;0.674807636445172;0.6444120944174497;7.915239568696254;15.574779510498047;0.6870999932289124;0.798000000582801;
519386.7361545563;761.8982791900635;0.7019588663234975;0.6783402820748015;0.6472471410664469;9.699694696689646;15.401577949523926;0.6906999945640564;0.7833333351545864;
519386.7361545563;852.1950244903564;0.7048160800545367;0.683855891532364;0.6554410202757074;9.769457075744867;14.580060958862305;0.6959999799728394;0.7855555531051424;
519386.7361545563;830.3718566894531;0.7040705874841489;0.6815056451956802;0.653178107774172;9.89144282547964;14.566165924072266;0.6935999989509583;0.7817777809169557;
519386.7361545563;857.607364654541;0.7046387603103247;0.6793072522592625;0.6532450273253808;8.063400929628147;14.270415306091309;0.691100001335144;0.7977777782413694;
519386.7361545563;791.0919189453125;0.7085757255880938;0.6850606144020903;0.6589361842051141;8.387862814590335;14.181422233581543;0.6966999769210815;0.796000000834465;
