518649.3408679962;1176.71537399292;0.08917891931450793;0.07979624870404098;0.05076624941633612;120.26951001485189;175.0414581298828;0.08020000159740448;0.09933333440373342;
518649.3408679962;697.9305744171143;0.10476118753881905;0.10278765719817846;0.08311077953737903;88.26833860609267;121.34712219238281;0.10159999877214432;0.16955555487010215;
518649.3408679962;803.7805557250977;0.11988262325212726;0.13860174036875725;0.11635454672031639;71.72334272596571;105.80549621582031;0.13609999418258667;0.22444444509843986;
518649.3408679962;826.9128799438477;0.140464470177924;0.18257891439431412;0.15099091740960574;63.946889326307506;94.7917709350586;0.1793999969959259;0.27555555407371785;
518649.3408679962;789.0090942382812;0.1631458287907877;0.21692777688447337;0.1767843298709205;58.05856704711914;87.35298919677734;0.2134999930858612;0.3155555554148224;
518649.3408679962;866.8878078460693;0.19049403387722297;0.24938615650110907;0.20382295187315164;51.01184633043077;80.2411117553711;0.24639999866485596;0.35688888989388945;
518649.3408679962;811.0365867614746;0.21912271844385697;0.27791838807879526;0.22809862072913276;42.23373146057129;75.77861785888672;0.27459999918937683;0.3953333350105418;
518649.3408679962;759.512186050415;0.2535320677571851;0.30736477859690836;0.2547933038523045;38.91578717665239;72.15361785888672;0.3043999969959259;0.43659090813757345;
518649.3408679962;832.6919078826904;0.2804145362796624;0.33609009986855853;0.2773830798010738;39.75110938332298;68.775634765625;0.3330000042915344;0.46499999875033443;
518649.3408679962;738.4412288665771;0.3066195670236275;0.3593860591906385;0.29731153044617653;37.14997518327501;65.00848388671875;0.3564000129699707;0.48177777615686257;
518649.3408679962;815.8268928527832;0.3291681784844252;0.37984949860616923;0.3166463906587252;35.99470797644721;61.364768981933594;0.376800000667572;0.5026666666898463;
518649.3408679962;816.0059452056885;0.35177005658825067;0.4022306988169827;0.33900395198247774;28.900568875399504;57.694480895996094;0.39980000257492065;0.5400000018152323;
518649.3408679962;787.5745296478271;0.3729529699391222;0.42236797814563837;0.35914716954038806;29.757391929626465;56.02482604980469;0.420199990272522;0.5684090884910389;
518649.3408679962;859.2183589935303;0.3922089523205661;0.44256167990292405;0.3785960717334131;25.207796213361952;53.10270690917969;0.44190001487731934;0.5882222237272395;
518649.3408679962;781.9681167602539;0.4137204481641186;0.46584937763644696;0.40300451561202494;23.955072508917915;51.1290397644043;0.4666000008583069;0.6217777741452059;
518649.3408679962;803.9538860321045;0.4247741409849783;0.4826883867225312;0.4167063021542156;25.375380664401582;49.38272476196289;0.4848000109195709;0.6275555544015434;
518649.3408679962;844.7816371917725;0.44197197447994324;0.49587617946677315;0.4296345479072475;21.017840300665963;47.638954162597656;0.49880000948905945;0.6442222194953098;
518649.3408679962;817.0490264892578;0.4512800906641323;0.5103781372446982;0.444476890493955;20.64729856914944;46.69572830200195;0.5138999819755554;0.6662222225219011;
518649.3408679962;846.5902805328369;0.46219907561322826;0.5186104309120806;0.4494093083517309;21.77239204512702;45.117950439453125;0.5228999853134155;0.6633333318349388;
518649.3408679962;785.8378887176514;0.4741060928204493;0.5276695976573057;0.4595071975352013;19.576116191016304;42.29787826538086;0.5324000120162964;0.6855555550919639;
518649.3408679962;833.1527709960938;0.48464192828676944;0.534090577674704;0.4651439077088865;19.963963021172418;40.82621383666992;0.539900004863739;0.6853333322124349;
518649.3408679962;818.1126117706299;0.4949094814191223;0.5426901263824603;0.47580399690576203;16.846052885055542;38.026519775390625;0.5490000247955322;0.711111108875937;
518649.3408679962;697.0536708831787;0.5044556146448109;0.5500931476302203;0.4819232548375895;16.243487517942082;37.0567741394043;0.5570999979972839;0.722727268087593;
518649.3408679962;815.1612281799316;0.5083736021980948;0.5572529850822749;0.4881518272630636;16.607539047135248;35.951900482177734;0.5640000104904175;0.7095555534793271;
518649.3408679962;836.6992473602295;0.522001452036241;0.5644479870406114;0.4987366963641497;16.957005625300937;34.0368766784668;0.5713000297546387;0.7131111122667789;
518649.3408679962;828.1707763671875;0.5293856970939697;0.569770068845467;0.505703207350246;12.502048587257212;32.486270904541016;0.5769000053405762;0.7606818174773996;
518649.3408679962;801.3577461242676;0.5354940500965674;0.5746511564961558;0.5073733870768601;15.232315567466948;32.94147872924805;0.5817999839782715;0.7417777764300505;
518649.3408679962;760.211706161499;0.5476656093927882;0.5782909832449677;0.5122984049328132;12.940352885560555;32.19886779785156;0.5856999754905701;0.7615909073501825;
518649.3408679962;830.2240371704102;0.5513928517937902;0.5816610916961917;0.5158203130549814;13.781319520690225;32.25367736816406;0.5892999768257141;0.7570454537106509;
518649.3408679962;830.1475048065186;0.5599493838163647;0.5870866819550811;0.5220868473928333;14.9242765698168;30.73931884765625;0.5946999788284302;0.7464444460140334;
518649.3408679962;771.5919017791748;0.5692203665449114;0.5903974587714009;0.5307718194077078;10.495445528957578;28.760040283203125;0.5983999967575073;0.7768888849351141;
518649.3408679962;781.5167903900146;0.5735133138744781;0.5945365156298597;0.528870118002398;11.840845469724048;29.92255401611328;0.6017000079154968;0.7749999963932417;
518649.3408679962;826.3211250305176;0.5778132565685559;0.5973286160281593;0.5316329598930398;13.792501515812344;29.51152229309082;0.6044999957084656;0.7542222231626511;
518649.3408679962;823.7156867980957;0.5835243837953167;0.6026362038997927;0.541523460084452;12.749872742096583;27.58271598815918;0.6100000143051147;0.7664444425039821;
518649.3408679962;810.7883930206299;0.587828383754939;0.6066211953104579;0.5490654810399155;11.83450327515602;26.317956924438477;0.614300012588501;0.7659999988145298;
518649.3408679962;825.4392147064209;0.5928546034724022;0.61112044772932;0.5543854826930903;10.663373573259873;25.405298233032227;0.6184999942779541;0.7799999985674565;
518649.3408679962;801.7439842224121;0.5983963151074951;0.6134932799770291;0.5556026028841557;11.97519313229455;25.42525863647461;0.6205999851226807;0.7697777745624383;
518649.3408679962;782.4382781982422;0.6026058265472549;0.6166513072367186;0.559120733997603;10.961744941093706;24.837688446044922;0.6237000226974487;0.7843181822787632;
518649.3408679962;822.8201866149902;0.6071966950532977;0.6182702221999626;0.5619000326549936;12.143161858452691;24.335357666015625;0.6255000233650208;0.7651111121806834;
518649.3408679962;721.6396331787109;0.6073186534282378;0.621303021258975;0.5683743174140916;10.718375619914797;23.14318084716797;0.6287000179290771;0.7826666675508023;
518649.3408679962;754.8418045043945;0.6129024174993188;0.6245077626006366;0.5698474769588138;11.543525180551741;23.1393985748291;0.6317999958992004;0.7695555610789193;
518649.3408679962;688.9710426330566;0.6188635394111419;0.6301360401004419;0.5790427778448854;11.09587218562762;21.8577823638916;0.6373999714851379;0.7768888941241635;
518649.3408679962;746.68288230896;0.6259139022652775;0.6350891888978554;0.5864103402270164;8.510385738177733;21.094594955444336;0.642300009727478;0.8102272752333771;
518649.3408679962;703.2058238983154;0.6278278694736195;0.6356969388222318;0.5851085149265679;9.215808930044824;21.390274047851562;0.6431000232696533;0.8018181813372807;
518649.3408679962;755.239725112915;0.6282471036295489;0.6364698627166467;0.5842151559143122;10.45922280550003;21.452524185180664;0.6439999938011169;0.7831111097501384;
518649.3408679962;744.2765235900879;0.6320351532888012;0.6403357329156317;0.5916764024043549;10.11584098206626;20.152719497680664;0.6481000185012817;0.789333337214258;
518649.3408679962;703.7670612335205;0.6374622307771627;0.6480416889420053;0.6031321256258295;8.952570739794862;18.99938201904297;0.6554999947547913;0.8006818209859458;
518649.3408679962;725.7511615753174;0.637428282502349;0.6467451915220983;0.6014060752795803;9.18902453912629;18.706035614013672;0.6545000076293945;0.787555556330416;
518649.3408679962;763.1359100341797;0.6447963571075956;0.6497462067817176;0.604884792693041;9.069894348250495;18.4896183013916;0.6574000120162964;0.7942222247521082;
518649.3408679962;796.8809604644775;0.6474282833135347;0.6525822627568868;0.6080231500778159;9.238091721137364;18.06516456604004;0.6600000262260437;0.7957777818044026;
