579140.8684253693;1257.5116157531738;0.030742082065636035;0.1166;0.04152397790383392;527.0184913839174;365.3409118652344;0.11659999936819077;0.1358333334326744;
579140.8684253693;816.3857460021973;0.12227491670037378;0.1357;0.05732340572176338;793.1228598727121;522.2221069335938;0.13570000231266022;0.2746666681849294;
579140.8684253693;794.2159175872803;0.23237473128437944;0.21020000000000003;0.1223252870734111;257.2844576509886;724.6801147460938;0.2101999968290329;0.2674999996088445;
579140.8684253693;800.877571105957;0.1606353810516475;0.19959999999999997;0.09658198736420902;14.613983143700494;259.3798522949219;0.1995999962091446;0.31244444532526866;
579140.8684253693;722.7444648742676;0.22404469090047816;0.2912;0.225804253490421;7.132263241873847;13.315284729003906;0.29120001196861267;0.4268888885362281;
579140.8684253693;787.8868579864502;0.3542146113005002;0.352;0.31228304590671513;5.09424731948159;7.643230438232422;0.35199999809265137;0.47363636405630544;
579140.8684253693;821.0756778717041;0.424338867077687;0.38910000000000006;0.3611803059294314;4.543529844284057;5.2510762214660645;0.38909998536109924;0.49911111150350834;
579140.8684253693;740.2293682098389;0.4365632515630227;0.40990000000000004;0.3844651583722583;3.850733710659875;4.377148628234863;0.4099000096321106;0.4926666676584217;
579140.8684253693;681.7398071289062;0.44131168342495375;0.41079999999999994;0.3821994642077115;3.4044523278872174;4.045470237731934;0.4108000099658966;0.536222220874495;
579140.8684253693;778.8119316101074;0.4650885273759283;0.44089999999999996;0.4129760620186459;3.306054867638482;3.552870750427246;0.4408999979496002;0.5628888872762521;
579140.8684253693;822.6749897003174;0.46909034678811484;0.44400000000000006;0.41766351587929346;3.091985485951106;3.2649831771850586;0.4440000057220459;0.5544444436000453;
579140.8684253693;776.3187885284424;0.5148742476189642;0.49640000000000006;0.480093008532846;2.7709872245788576;3.1921682357788086;0.49639999866485596;0.5768888841072718;
579140.8684253693;666.3534641265869;0.5454433707126675;0.5171;0.5016379604800549;2.523437656296624;2.803647756576538;0.5170999765396118;0.6299999960180785;
579140.8684253693;726.7839908599854;0.5387610189180095;0.5309;0.5059891186473175;2.4795599354637994;2.8212730884552;0.5309000015258789;0.6306666658156448;
579140.8684253693;690.9658908843994;0.5321681320941039;0.5353999999999999;0.5042268597994362;2.111094929955222;2.830693244934082;0.5353999733924866;0.6445454541509125;
579140.8684253693;833.2626819610596;0.5373722643198089;0.5381;0.5070110448680178;2.225955468687144;2.852534770965576;0.538100004196167;0.6379545471969653;
579140.8684253693;809.398889541626;0.5445336001523857;0.5376;0.5045315994892697;2.0669234388404423;2.710390329360962;0.5375999808311462;0.6242222203976578;
579140.8684253693;790.1320457458496;0.5451565283524847;0.5382;0.5048853087084109;2.014037847518921;2.894259452819824;0.5382000207901001;0.6518181845630434;
579140.8684253693;835.5441093444824;0.5432401711029916;0.5414;0.50308742729279;2.138872393634584;2.8255064487457275;0.5414000153541565;0.6357777768539058;
579140.8684253693;780.2097797393799;0.5547583731700068;0.5439;0.5086455653293314;1.9979885884306647;2.7598936557769775;0.5439000129699707;0.6770454553717916;
579140.8684253693;853.5404205322266;0.5426473446538067;0.546;0.50708960204605;1.962684549887975;2.7507121562957764;0.5460000038146973;0.6511111134456263;
579140.8684253693;814.6300315856934;0.5551433638434167;0.5466;0.508961157417731;1.9449565476841397;2.7340681552886963;0.5465999841690063;0.6568888883209891;
579140.8684253693;856.6060066223145;0.5630970556740745;0.5488;0.5111022385228803;1.7794620408253237;2.7739744186401367;0.548799991607666;0.6825000022284009;
579140.8684253693;704.0963172912598;0.5579460143015995;0.5476;0.506468689057243;2.0488062473860653;2.951542615890503;0.5475999712944031;0.6890909066423774;
579140.8684253693;811.8369579315186;0.557435698069009;0.5464;0.5059291849317344;1.9520234942436219;2.699665069580078;0.5464000105857849;0.6693333307074176;
579140.8684253693;716.4804935455322;0.581799676154468;0.5446;0.5118085112141183;1.8465554548634424;2.5896596908569336;0.5446000099182129;0.6788888881603877;
579140.8684253693;823.8520622253418;0.580948275866792;0.5533;0.5192953827138842;1.9205870721075269;2.5294289588928223;0.5533000230789185;0.6886666634430488;
579140.8684253693;762.7496719360352;0.5792235733721571;0.5527;0.5195746732780206;1.692172540182417;2.4394330978393555;0.5526999831199646;0.6906818234446374;
579140.8684253693;607.001543045044;0.5679199758410244;0.5544;0.521200704394058;1.867902754412757;2.489975690841675;0.5544000267982483;0.6666666641003556;
579140.8684253693;761.0158920288086;0.569395968717829;0.5566;0.5241633408058526;1.8102708088027106;2.417287826538086;0.5565999746322632;0.694000000341071;
579140.8684253693;782.9034328460693;0.5642515018506528;0.5612;0.525257950587762;1.7886939532226986;2.309246063232422;0.5612000226974487;0.665555557070507;
579140.8684253693;661.1552238464355;0.5545681283126253;0.5462999999999999;0.4959681304417427;1.8077713840537601;2.327195882797241;0.5462999939918518;0.6746666700889666;
579140.8684253693;794.8565483093262;0.5650985542127333;0.545;0.4924941474360458;1.7433750437365638;2.3107821941375732;0.5450000166893005;0.6944444453136789;
579140.8684253693;765.0885581970215;0.5615836048393185;0.5481;0.49279880883585986;1.7384933924133128;2.2785580158233643;0.5480999946594238;0.7088636369021102;
579140.8684253693;693.7880516052246;0.5675936001363944;0.5525;0.49358106886097997;1.6936330894629161;2.3724100589752197;0.5525000095367432;0.6984444436099794;
579140.8684253693;777.5635719299316;0.5672788541799746;0.5508;0.491705714912571;1.6858201338185204;2.327507257461548;0.5508000254631042;0.6726666652494007;
579140.8684253693;810.0204467773438;0.5603608349554353;0.5339;0.4750452607313565;1.731224234898885;2.4044365882873535;0.5339000225067139;0.7037777792248461;
579140.8684253693;749.9358654022217;0.5801015723729316;0.5574;0.4993609025177433;1.6478874968157875;2.4579763412475586;0.5573999881744385;0.6884444435023599;
579140.8684253693;782.7465534210205;0.5564682094906335;0.5389999999999999;0.48062339159615697;1.687357966767417;2.335503578186035;0.5389999747276306;0.7082222231974205;
579140.8684253693;835.4852199554443;0.5714560318482189;0.5457000000000001;0.48520511616304923;1.7182375460185788;2.4625821113586426;0.5457000136375427;0.6904545436105267;
579140.8684253693;782.3879718780518;0.5767969631545119;0.5386;0.4793116887709526;1.6414519467137076;2.5212907791137695;0.5386000275611877;0.7159090942957185;
579140.8684253693;862.8199100494385;0.5847871396431359;0.5571999999999999;0.49807067955924095;1.6258026859299703;2.5694596767425537;0.557200014591217;0.7197727268053726;
579140.8684253693;785.9296798706055;0.5888300946488754;0.5619;0.5029026890291615;1.7678233388397429;2.651137351989746;0.5619000196456909;0.6986666688902511;
579140.8684253693;676.4304637908936;0.568033358230958;0.5577;0.4973531907268634;1.670829422433268;2.4521231651306152;0.557699978351593;0.6834090903655372;
579140.8684253693;822.5972652435303;0.5561957426529714;0.5294000000000001;0.46798290171879786;1.637803038623598;2.4563920497894287;0.5293999910354614;0.6648888896736834;
579140.8684253693;801.9094467163086;0.5699218552779065;0.5313;0.47382014269730616;1.757862937450409;2.383856773376465;0.5313000082969666;0.6982222226344876;
579140.8684253693;778.6650657653809;0.5694481959747388;0.5449;0.48412148250390585;1.795850960744752;2.420625686645508;0.5449000000953674;0.6591111090862088;
579140.8684253693;742.2125339508057;0.5611307413595288;0.5268;0.47000957519352393;1.6765705797407362;2.3525259494781494;0.5267999768257141;0.7180000008808242;
579140.8684253693;701.3685703277588;0.575233276397229;0.5508;0.48827530309571693;1.5403125044372348;2.4361112117767334;0.5508000254631042;0.722222219987048;
579140.8684253693;760.4634761810303;0.5938930334380721;0.5663;0.5059730763815121;1.621442073252466;2.3282899856567383;0.5662999749183655;0.7017777762893174;
