582434.8771572113;1308.044195175171;0.09886118455146904;0.0588;0.03756728351478826;373.7563408911228;170.10443115234375;0.058800000697374344;0.1463333336636424;
582434.8771572113;849.8613834381104;0.25369446268150625;0.1457;0.06784806563268084;334.3429351433142;373.11968994140625;0.14569999277591705;0.1509090904146433;
582434.8771572113;796.9233989715576;0.25007710679203476;0.156;0.08804879858052828;192.30245117611355;271.3094787597656;0.15600000321865082;0.21355555686685773;
582434.8771572113;807.9771995544434;0.20197140926759424;0.2278;0.16693455564944154;142.715431076063;174.22189331054688;0.22779999673366547;0.24888889023827182;
582434.8771572113;774.8205661773682;0.29465753805479045;0.23010000000000003;0.13801079862247465;131.2165707733896;178.9666748046875;0.23010000586509705;0.25199999871353307;
582434.8771572113;660.1381301879883;0.24750928255648702;0.19770000000000001;0.11138711828982614;99.08670787284788;194.98106384277344;0.19769999384880066;0.347272730093788;
582434.8771572113;703.1526565551758;0.15800660106572173;0.3194;0.20754665946235556;14.902052487329476;94.23487854003906;0.31940001249313354;0.37844444600244365;
582434.8771572113;800.9347915649414;0.4810907642213046;0.4029;0.32741669287148073;5.142473907633261;13.166229248046875;0.40290001034736633;0.4815909116613594;
582434.8771572113;620.2409267425537;0.4826558871644031;0.4327;0.3950696976696709;4.132406402958764;5.483729362487793;0.4327000081539154;0.4804444447159767;
582434.8771572113;699.4156837463379;0.48565852490326983;0.4383;0.41587331183394627;3.5906982276174757;4.268784999847412;0.4383000135421753;0.5091111111972068;
582434.8771572113;816.9112205505371;0.5065271112261015;0.44909999999999994;0.42720365670019583;3.0840255988968743;3.9772231578826904;0.44909998774528503;0.5391111113958889;
582434.8771572113;806.298017501831;0.5124744325347828;0.4537;0.4263110934221829;2.8260931809743246;3.8222532272338867;0.4537000060081482;0.5697777775426706;
582434.8771572113;772.2182273864746;0.5206902975197807;0.45840000000000003;0.4235859567101084;2.6641210588541897;3.644101858139038;0.45840001106262207;0.591363633220846;
582434.8771572113;749.3269443511963;0.5256541813994504;0.46480000000000005;0.4226457422524274;2.5088894340124996;3.6212093830108643;0.46480000019073486;0.5929545434191823;
582434.8771572113;755.2971839904785;0.5271131167462781;0.4741000000000001;0.42904591549806453;2.3840316394964853;3.348980188369751;0.4740999937057495;0.6077777764863438;
582434.8771572113;826.8623352050781;0.524368045651148;0.47539999999999993;0.42766678377684614;2.4915707488854726;3.3772008419036865;0.47540000081062317;0.5995555540753735;
582434.8771572113;718.4646129608154;0.5333910270310811;0.477;0.4273144272581077;2.2741896443896823;3.0761001110076904;0.47699999809265137;0.6208888904915916;
582434.8771572113;708.500862121582;0.5434689547317197;0.49140000000000006;0.4410397934857807;2.228431918223699;3.057446002960205;0.49140000343322754;0.6144444435834885;
582434.8771572113;771.0926532745361;0.5452015883907133;0.49330000000000007;0.44412961782286225;2.0150711996988817;3.029564380645752;0.4932999908924103;0.6304545466872779;
582434.8771572113;700.4973888397217;0.5593996314256502;0.5037;0.4576859947774149;2.100759732723236;2.8626151084899902;0.5037000179290771;0.6202222218116125;
582434.8771572113;833.202600479126;0.5692369237434183;0.5033;0.45954368256828887;1.9444508816708217;2.8773083686828613;0.5033000111579895;0.6509090879593383;
582434.8771572113;698.8139152526855;0.5617465401071055;0.519;0.4784196529198348;1.9243605143494076;2.7188596725463867;0.5189999938011169;0.6344444411496322;
582434.8771572113;751.1181831359863;0.5737608758959595;0.519;0.48228919251321034;2.003576942284902;2.8508667945861816;0.5189999938011169;0.6282222224192486;
582434.8771572113;718.7285423278809;0.5670255988853531;0.5169999999999999;0.481489030812456;1.7656793455282846;2.8327527046203613;0.5170000195503235;0.644666666454739;
582434.8771572113;789.7765636444092;0.5710468720566089;0.526;0.48920956863738346;1.654252078384161;2.752840757369995;0.5260000228881836;0.6736363622952591;
582434.8771572113;814.530611038208;0.5709012632165634;0.5317;0.489905551353316;1.732437445057763;2.7705039978027344;0.5317000150680542;0.6760000025646554;
582434.8771572113;810.8243942260742;0.579319159690488;0.5482;0.5077390712614538;1.715936417049832;2.526153564453125;0.5482000112533569;0.6944444453136789;
582434.8771572113;719.6745872497559;0.5805683252166222;0.5561999999999999;0.5091135682372793;1.586513281530804;2.4597725868225098;0.5562000274658203;0.6835555527773168;
582434.8771572113;611.6986274719238;0.5815829062681639;0.5488;0.5000345830039377;1.630028854807218;2.610201835632324;0.548799991607666;0.6948888914452659;
582434.8771572113;784.4657897949219;0.5858940239519259;0.5575;0.5126956082505035;1.6987217158079146;2.5311248302459717;0.5575000047683716;0.6837777768572172;
582434.8771572113;842.7383899688721;0.5891852521193732;0.5585000000000001;0.5135531709129373;1.4733557800451915;2.5086171627044678;0.5584999918937683;0.6957777796934048;
582434.8771572113;839.378833770752;0.5954245172621081;0.5537;0.5069948132262054;1.518604671751911;2.8099708557128906;0.5536999702453613;0.7145454551262612;
582434.8771572113;825.3445625305176;0.5940177737872081;0.5502;0.4949637789115446;1.4421265375885097;3.0262815952301025;0.5501999855041504;0.7224999971857126;
582434.8771572113;800.7686138153076;0.6021616601976649;0.5728;0.5224535500959623;1.4963900059461595;2.383530855178833;0.5727999806404114;0.7108888888524638;
582434.8771572113;798.6400127410889;0.6075543444245597;0.576;0.5256854330680729;1.3634286329827525;2.4695358276367188;0.5759999752044678;0.7488636373626915;
582434.8771572113;765.5584812164307;0.6005812598469342;0.5804;0.5251374540416816;1.4329048997826046;2.578003406524658;0.5803999900817871;0.7395555554992623;
582434.8771572113;826.63893699646;0.6021749931799298;0.5838;0.5312265113795221;1.4704306844207975;2.435816526412964;0.5838000178337097;0.744888882421785;
582434.8771572113;814.375638961792;0.6057947653793315;0.5835999999999999;0.5260976045897177;1.5643005818128586;2.6467206478118896;0.5835999846458435;0.7066666662693024;
582434.8771572113;766.7899131774902;0.5987458535002104;0.5704;0.5165542734581021;1.6100638416078357;2.509263038635254;0.5703999996185303;0.7268888894882467;
582434.8771572113;789.6742820739746;0.5909504102927821;0.562;0.5000938446248906;1.3924143132236269;2.7480435371398926;0.5619999766349792;0.7451111086540751;
582434.8771572113;836.3308906555176;0.6097239144242078;0.5866;0.530650619949723;1.6534555421935186;2.583045482635498;0.5866000056266785;0.7131111103627417;
582434.8771572113;695.2049732208252;0.5970784603722905;0.5532;0.48591176973215744;1.3670925560924743;3.095937728881836;0.5532000064849854;0.7588888868689537;
582434.8771572113;768.7344551086426;0.6371724679651296;0.6181;0.5720504646494045;1.3063315278427168;2.0771541595458984;0.6180999875068665;0.7709090870551087;
582434.8771572113;802.8898239135742;0.6328852262651192;0.6071000000000001;0.5564675462793516;1.147270505401221;2.3318333625793457;0.6071000099182129;0.7499999986453489;
582434.8771572113;660.865068435669;0.6120527386467318;0.5803;0.5223756038653493;1.3414227137962977;2.8947396278381348;0.580299973487854;0.7633333308829202;
582434.8771572113;824.1949081420898;0.6245394235733597;0.5966000000000001;0.539588502430761;1.2511744499206543;2.7343132495880127;0.5965999960899353;0.7653333301345507;
582434.8771572113;812.9043579101562;0.6383900940617763;0.6187;0.5720364606180056;1.4579733269082176;2.164428234100342;0.6187000274658203;0.7255555522938569;
582434.8771572113;701.5695571899414;0.6296564936427266;0.5797999999999999;0.5334543107651621;1.3045417265759573;2.3110053539276123;0.579800009727478;0.7175555599232515;
582434.8771572113;850.3062725067139;0.6389034887597729;0.5950000000000001;0.5435442445280319;1.5289389707975918;2.3459887504577637;0.5950000286102295;0.7375555552128289;
582434.8771572113;818.6089992523193;0.6140378785320991;0.5811;0.5225901724968064;1.3286297645833758;2.413773775100708;0.5810999870300293;0.7539999990827507;
