581665.1525497437;1243.7844276428223;0.062175855063977714;0.0883;0.05249671645274483;281.44435532887775;164.86814880371094;0.08829999715089798;0.20949999994287888;
581665.1525497437;833.0450057983398;0.19906266604548514;0.2024;0.1260746666490541;294.87557989751963;279.6424560546875;0.20239999890327454;0.23800000030961302;
581665.1525497437;764.4872665405273;0.25701836340137363;0.22510000000000002;0.15336578394344164;201.1099153432581;300.3226013183594;0.22509999573230743;0.2855555580721961;
581665.1525497437;846.9650745391846;0.186054311805135;0.2177;0.12312338486770953;73.04357231590483;244.3737030029297;0.21770000457763672;0.3795555565092299;
581665.1525497437;853.3258438110352;0.34142901163155825;0.3387;0.21792512591970556;26.98062753942795;80.37230682373047;0.33869999647140503;0.4700000000496705;
581665.1525497437;774.2235660552979;0.4048919332001047;0.3772;0.31041816159976304;9.869528313929385;33.81332015991211;0.37720000743865967;0.5043181815523315;
581665.1525497437;776.8230438232422;0.4770060132027685;0.4486;0.4132024977204982;6.255676174705679;11.651165962219238;0.44859999418258667;0.5709090917794541;
581665.1525497437;868.0219650268555;0.497841203200503;0.49189999999999995;0.4729670056656895;4.326603968938191;7.400941371917725;0.4918999969959259;0.5595555538932483;
581665.1525497437;845.489501953125;0.4800420775946998;0.5018;0.4824704325656368;3.9297906544473435;5.051784038543701;0.501800000667572;0.6124444408549203;
581665.1525497437;850.9531021118164;0.4975675790410194;0.5271999999999999;0.5063270204452348;3.437069699499342;4.054898738861084;0.5271999835968018;0.638888888226615;
581665.1525497437;800.9891510009766;0.517397166523726;0.5401;0.5220566967833313;3.1448787503772313;3.6121559143066406;0.5400999784469604;0.6457777771684858;
581665.1525497437;630.3577423095703;0.5125619313407498;0.5438000000000001;0.5223142626211061;2.8935808593576606;3.4196414947509766;0.5437999963760376;0.6722727272320878;
581665.1525497437;838.2184505462646;0.5118963869254964;0.5438;0.5189823051120998;2.6560820764965483;3.1719918251037598;0.5437999963760376;0.6708888853589694;
581665.1525497437;890.07568359375;0.5219011243316684;0.5509000000000001;0.5236381560927112;2.4779493305418225;3.0055088996887207;0.5508999824523926;0.6806666658984291;
581665.1525497437;935.4026317596436;0.5197473352425703;0.5509999999999999;0.5203985158708185;2.368019763628642;2.870326519012451;0.5509999990463257;0.6851111125614908;
581665.1525497437;748.3274936676025;0.5298046462827996;0.5601999999999999;0.5279626805204987;2.246458169486788;2.7509217262268066;0.5601999759674072;0.6875555514461464;
581665.1525497437;748.3088970184326;0.5273462287883188;0.5588;0.5226417229823891;1.9672161128785874;2.675868511199951;0.5587999820709229;0.7362222195913394;
581665.1525497437;660.3341102600098;0.5448802932283187;0.5664;0.5157438937819964;1.9687024354934692;2.6635587215423584;0.5663999915122986;0.718444439686007;
581665.1525497437;791.3873195648193;0.5534377013315066;0.5739000000000001;0.5283441353606311;1.87346623606152;2.5440402030944824;0.5738999843597412;0.7128888870278994;
581665.1525497437;813.6680126190186;0.5633961362087405;0.5737;0.5337035635902863;1.7818404217561086;2.456815719604492;0.5737000107765198;0.731777775949902;
581665.1525497437;748.8408088684082;0.555939115297998;0.5697;0.5247892104202367;1.74449227253596;2.3943958282470703;0.5697000026702881;0.713555558439758;
581665.1525497437;803.3404350280762;0.5638331837878223;0.5702999999999999;0.5245025125650934;1.6527153199369258;2.4135119915008545;0.5702999830245972;0.7322727304629304;
581665.1525497437;798.9556789398193;0.5695406078878715;0.5682;0.5219014759366554;1.660346311993069;2.4134743213653564;0.5681999921798706;0.7337777830246422;
581665.1525497437;848.1185436248779;0.567364264429451;0.5710999999999999;0.5258173517181387;1.576956062831662;2.344647169113159;0.5710999965667725;0.7477272765880282;
581665.1525497437;807.135820388794;0.566234983625004;0.5637000000000001;0.5122561999189632;1.6837053378423055;2.473494291305542;0.5637000203132629;0.7195555539594756;
581665.1525497437;807.2867393493652;0.5692116724969031;0.5709;0.526271042650178;1.596369316180547;2.2004358768463135;0.570900022983551;0.7231111076970895;
581665.1525497437;727.3781299591064;0.573578759929694;0.5749000000000001;0.5322746674762016;1.5652291112475925;2.1673831939697266;0.5748999714851379;0.7231111097666952;
581665.1525497437;774.9249935150146;0.5664231766728781;0.5758;0.5311033457561143;1.4632833586798775;2.1466329097747803;0.5758000016212463;0.7317777792198791;
581665.1525497437;857.4144840240479;0.5703283736682313;0.5756;0.5275544390410433;1.4891163256433275;2.1413676738739014;0.5756000280380249;0.73355555753741;
581665.1525497437;836.6858959197998;0.5810594798717131;0.5776000000000001;0.5344120400854615;1.3763270940292964;2.142038106918335;0.5776000022888184;0.734545455314219;
581665.1525497437;765.9845352172852;0.5774832919261288;0.5683;0.5247615160583325;1.3534122671593318;2.206526279449463;0.5683000087738037;0.7499999991110102;
581665.1525497437;793.6806678771973;0.5562844803108556;0.5631;0.5118885280503219;1.4536241266462537;2.268806219100952;0.5630999803543091;0.7202222223083178;
581665.1525497437;784.2729091644287;0.5770883269740551;0.5675000000000001;0.522942244533134;1.389831315808826;2.191150188446045;0.5674999952316284;0.7391111094090673;
581665.1525497437;810.6820583343506;0.5905188945189582;0.5814;0.5413467304157323;1.424260523584154;2.0207526683807373;0.5813999772071838;0.7280000041756365;
581665.1525497437;812.4434947967529;0.5803951238400493;0.5796;0.5360037167389222;1.3951781382163366;2.036935567855835;0.5795999765396118;0.7166666656732559;
581665.1525497437;788.4814739227295;0.5780232319215786;0.5799000000000001;0.5418608068994143;1.3424111869600084;2.1007745265960693;0.5799000263214111;0.7540000028494331;
581665.1525497437;762.598991394043;0.5744874591105232;0.5745;0.5254212010335103;1.3650961061318716;2.263498544692993;0.5745000243186951;0.7262222255683608;
581665.1525497437;764.9447917938232;0.5903949560591347;0.5855;0.5452504194542699;1.2754807273546855;2.00864839553833;0.5855000019073486;0.7457777777479755;
581665.1525497437;837.270975112915;0.5876534232291858;0.5882;0.5488278102402344;1.4041379011339612;2.0362629890441895;0.5881999731063843;0.7355555565406878;
581665.1525497437;805.6609630584717;0.588869989562877;0.5872;0.5468223449670951;1.210184970166948;2.0814881324768066;0.5871999859809875;0.7588888817363315;
581665.1525497437;832.3080539703369;0.566736284991328;0.5793;0.5263016002891258;1.2907611257500118;2.2315711975097656;0.5792999863624573;0.7193333316180441;
581665.1525497437;753.4103393554688;0.5834945714494572;0.5751000000000001;0.5320711579876934;1.26553233133422;2.1483137607574463;0.5751000046730042;0.729777775083979;
581665.1525497437;867.3286437988281;0.5888191577040718;0.5885;0.5526921100073136;1.2828952252864838;2.060328483581543;0.5885000228881836;0.7344444437159432;
581665.1525497437;830.5058479309082;0.5831312416232881;0.5781000000000001;0.5349013317679343;1.2457420607407887;2.075605869293213;0.5781000256538391;0.736666665557358;
581665.1525497437;755.8822631835938;0.5768852504829918;0.5734;0.5251639312433002;1.3940780088305473;2.193875789642334;0.5734000205993652;0.712888888683584;
581665.1525497437;771.4135646820068;0.5807047798062862;0.559;0.5141571095403548;1.3909621198972066;2.3055078983306885;0.5590000152587891;0.6833333312637276;
581665.1525497437;838.1774425506592;0.5678973158317367;0.5554;0.5056918839211861;1.5443450259891423;2.1595377922058105;0.555400013923645;0.7045454583977434;
581665.1525497437;789.3517017364502;0.586552532646069;0.5534000000000001;0.5070146920138123;1.2593348920345306;2.3148889541625977;0.5533999800682068;0.7388888884335756;
581665.1525497437;682.2702884674072;0.5932855048364181;0.595;0.5510088192263736;1.2597193895114793;1.834456443786621;0.5950000286102295;0.7348888907581568;
581665.1525497437;806.4391613006592;0.6029882757658344;0.5858;0.5436797980304078;1.1789054101841017;2.027967929840088;0.5857999920845032;0.7690909066322175;
