518068.05419921875;1250.173568725586;0.136143033301276;0.09573345536479352;0.0709466876519916;103.29345823923747;149.09703063964844;0.09120000153779984;0.14283333402127027;
518068.05419921875;754.5413970947266;0.1699423659462473;0.1352696696731638;0.129634766886853;64.6950813293457;106.23860168457031;0.13510000705718994;0.24933333475556638;
518068.05419921875;813.058614730835;0.18757322265607881;0.1910180399662853;0.17904207646755743;59.795113754272464;89.89781188964844;0.19429999589920044;0.29466666686866017;
518068.05419921875;774.7533321380615;0.20639790116112086;0.23094987314667556;0.20973048608949524;52.36601108974881;76.7928237915039;0.23639999330043793;0.3328888895197047;
518068.05419921875;742.8998947143555;0.23833919935137557;0.26469406253111083;0.23995280185914797;41.030271855267614;66.3520736694336;0.2711000144481659;0.3949999992143024;
518068.05419921875;783.5776805877686;0.26466971401965306;0.29845085417140393;0.26732145511765165;38.1534394567663;60.412044525146484;0.3061000108718872;0.4370454516346482;
518068.05419921875;747.5681304931641;0.29511240592061466;0.3319054242252472;0.2972573851030315;34.79213186899821;54.21076965332031;0.34040001034736633;0.4717777792364359;
518068.05419921875;787.6310348510742;0.3279184774939429;0.3635372896274941;0.32537361302409373;28.92570094002618;49.12207794189453;0.37220001220703125;0.5122222195068995;
518068.05419921875;773.2107639312744;0.35203590973105003;0.3889134720394251;0.34903538855029154;27.8840377276594;45.308467864990234;0.3978999853134155;0.5343181783841415;
518068.05419921875;800.3368377685547;0.3829772619708657;0.41374334279730485;0.37444194845152845;26.107896145184835;41.2327766418457;0.4226999878883362;0.5468888896620936;
518068.05419921875;760.8990669250488;0.4105316840627073;0.43837642545217487;0.4007295542019538;24.711222937371996;37.829341888427734;0.4472000002861023;0.5735555545323425;
518068.05419921875;809.4382286071777;0.4350452300634616;0.4614422253718282;0.42400106313355923;21.875983373685315;34.399166107177734;0.47029998898506165;0.5936363623900847;
518068.05419921875;727.0584106445312;0.45528580567787486;0.4745885743536822;0.4373079432720889;21.2221726987097;32.391685485839844;0.48330000042915344;0.5991111088130209;
518068.05419921875;791.7919158935547;0.47689633871843345;0.491283931020796;0.4557673046582497;18.613652042547862;29.890552520751953;0.4999000132083893;0.6246666646665997;
518068.05419921875;814.7871494293213;0.4914483881559931;0.502285252552436;0.46653013587843983;18.102577781677248;28.410865783691406;0.5109999775886536;0.6262222228778733;
518068.05419921875;798.5579967498779;0.5126010673231304;0.5139213566405736;0.4797473198057463;17.18079542300918;27.037017822265625;0.5224000215530396;0.6524999996816571;
518068.05419921875;785.1717472076416;0.5277195319098542;0.5274343555802989;0.4925220947982278;17.391292043526967;25.72378158569336;0.5357999801635742;0.6459999955362744;
518068.05419921875;850.8269786834717;0.5422463429548581;0.5407631813117947;0.5074440076277776;13.977636026011574;24.23472023010254;0.5490000247955322;0.6855555569132169;
518068.05419921875;789.2889976501465;0.5562934184504607;0.5477292520937374;0.5111990698934734;14.832573274771372;23.742460250854492;0.5557000041007996;0.6806666645738814;
518068.05419921875;829.3759822845459;0.5669359179538376;0.55453081866765;0.5176555693519862;13.521647353967031;22.985118865966797;0.5626999735832214;0.7015555530786515;
518068.05419921875;814.7547245025635;0.5825920323480875;0.5647539761310417;0.5272806801928182;12.760179707739088;22.336252212524414;0.5727999806404114;0.69977777534061;
518068.05419921875;848.0968475341797;0.5916089211168996;0.5723483151143063;0.5378422234569068;12.809814539220598;21.17081642150879;0.5802000164985657;0.7002222216791577;
518068.05419921875;855.1759719848633;0.6040103898021163;0.5897226651100007;0.560923964743054;13.00920262336731;19.362274169921875;0.5976999998092651;0.7044444494777256;
518068.05419921875;764.6169662475586;0.6122893291959062;0.5972731543067753;0.5710593555462381;11.578581020567153;18.310821533203125;0.6054999828338623;0.7204444403449695;
518068.05419921875;811.6047382354736;0.6238377649428348;0.6064438575208202;0.5814673771756759;11.232470201121437;17.6053466796875;0.614300012588501;0.7273333297835456;
518068.05419921875;862.7550601959229;0.6316911465281907;0.6127800439687936;0.5877836937198841;10.92140550216039;17.236759185791016;0.6207000017166138;0.736666668454806;
518068.05419921875;774.1985321044922;0.641693115932595;0.6161000543084463;0.5905989208173696;10.984610908561283;17.196664810180664;0.6236000061035156;0.7433333290947808;
518068.05419921875;850.0068187713623;0.6485321628597626;0.6268999872948424;0.6027315872881924;9.973860592312283;16.2605037689209;0.6345999836921692;0.7562222295337253;
518068.05419921875;819.6415901184082;0.6558198870591229;0.6294526624105359;0.602422760460118;10.28823555443022;16.305662155151367;0.6370999813079834;0.7491111169258754;
518068.05419921875;806.2000274658203;0.6612452047948967;0.6403226508607702;0.6176389805624318;10.125702170530955;15.11929702758789;0.6481000185012817;0.7531111101309459;
518068.05419921875;785.9957218170166;0.6678521355528821;0.6472098771660928;0.6257206272122675;8.748762631958181;14.653974533081055;0.6552000045776367;0.7706818218258294;
518068.05419921875;802.7834892272949;0.6758174637424145;0.6533407223041827;0.629803531671045;9.666780077086555;14.552876472473145;0.6610000133514404;0.751777783036232;
518068.05419921875;831.3736915588379;0.6824521480321548;0.6631621050477425;0.6428949371298018;9.484522581100464;13.663334846496582;0.670799970626831;0.7560000022252401;
518068.05419921875;801.9351959228516;0.6859674600365095;0.6657732134630509;0.6481069352253229;9.236880135807125;13.201064109802246;0.6732000112533569;0.7679545483128591;
518068.05419921875;805.4916858673096;0.6888808650624172;0.6657980330445268;0.648477897356316;8.519325292923234;13.090917587280273;0.6735000014305115;0.7759090899066492;
518068.05419921875;842.7338600158691;0.6919806953884546;0.6687276331191087;0.65111807692525;8.863618597719405;12.928115844726562;0.6761999726295471;0.7660000026226044;
518068.05419921875;792.3822402954102;0.6955706844371445;0.6725110436001752;0.6566844889679276;7.901218838161892;12.4732027053833;0.6800000071525574;0.7831111109919018;
518068.05419921875;737.154483795166;0.7000927634080389;0.6752715067753514;0.6582770057156389;8.382612901263768;12.318059921264648;0.6822999715805054;0.7746666643354628;
518068.05419921875;831.6881656646729;0.7053744752926562;0.6806984492222452;0.6652789647316315;8.112458482053544;11.956427574157715;0.6879000067710876;0.7768888903988732;
518068.05419921875;756.4582824707031;0.7089684407245235;0.6865941126423214;0.672954948774522;7.652445031837984;11.54052448272705;0.6937999725341797;0.7900000004605814;
518068.05419921875;776.5328884124756;0.7135452716240087;0.6902994362768973;0.6760930233761572;7.950726656119029;11.389521598815918;0.697700023651123;0.7819999959733751;
518068.05419921875;825.8240222930908;0.7173730483395417;0.6967482428877196;0.6843248619845756;7.224774901072184;10.926182746887207;0.7041000127792358;0.7953333324856229;
518068.05419921875;808.0792427062988;0.7223284338298905;0.7021938540528323;0.6888731812366627;7.105518988587639;10.750722885131836;0.7091000080108643;0.8031818148764697;
518068.05419921875;779.0737152099609;0.7251521320609242;0.7024159624348925;0.6885356725117528;7.103818938136101;10.837815284729004;0.7092999815940857;0.8006818138740279;
518068.05419921875;747.2548484802246;0.7242966121920977;0.7001439541786759;0.6849793324247423;6.905373513698578;10.850363731384277;0.7070000171661377;0.8013636354695667;
518068.05419921875;779.7806262969971;0.7275003058844173;0.7036737373505185;0.6896348733515816;7.506415987014771;10.591784477233887;0.7103000283241272;0.7880000015099843;
518068.05419921875;716.5226936340332;0.7283064844253254;0.7064133656642726;0.6942478948547608;6.927158466974894;10.191274642944336;0.7131999731063843;0.7948888897895813;
518068.05419921875;799.0250587463379;0.7335164825565421;0.7138757955908797;0.7027480341133776;6.623040276103549;9.793829917907715;0.7203999757766724;0.8039999961853027;
518068.05419921875;739.80712890625;0.7364011185173085;0.7166780884765067;0.7060069736126804;6.3829330404599505;9.561959266662598;0.7231000065803528;0.8079999989933437;
518068.05419921875;815.9966468811035;0.7395601184570586;0.7167131125670949;0.7045686498693015;6.193372960885366;9.693228721618652;0.7229999899864197;0.8122222198380364;
