473799.4203567505;1297.227144241333;0.13100085394076552;0.12788145295428796;0.08032873658456903;77.36059724489847;135.3401336669922;0.1257999986410141;0.20100000103314716;
473799.4203567505;799.5719909667969;0.2353088524243518;0.204591301721184;0.16724296206555714;49.34828685124715;75.4777603149414;0.20319999754428864;0.42066666728092567;
473799.4203567505;809.5502853393555;0.47441005604103104;0.37561792555091966;0.3196132688703916;24.49531579679913;53.33382034301758;0.3824000060558319;0.5366666716006067;
473799.4203567505;666.9745445251465;0.5266887169375928;0.5472467887154847;0.5015695292334786;13.937096780882937;23.934232711791992;0.5569999814033508;0.6215555593371391;
473799.4203567505;843.189001083374;0.5926881939853541;0.6308116323476126;0.6246655709606206;8.681160807609558;12.937886238098145;0.6384000182151794;0.6711111121707493;
473799.4203567505;851.8407344818115;0.6034505737908124;0.6863184176530869;0.6817838358540096;7.0547970308197865;8.157011032104492;0.6912000179290771;0.6768888877497778;
473799.4203567505;790.3568744659424;0.5910385784120617;0.6581810854504264;0.6526185597965158;5.674444993999269;7.200245380401611;0.6625999808311462;0.6608888897630903;
473799.4203567505;828.0110359191895;0.5897456756898059;0.6659058416417922;0.6578819641557632;4.210939515961541;5.517335891723633;0.6707000136375427;0.6626666675011317;
473799.4203567505;818.0789947509766;0.5671657559826366;0.6594579032944436;0.649120554132254;3.9929325222969054;4.186373710632324;0.6643000245094299;0.6024444437689251;
473799.4203567505;883.8596343994141;0.5406857098400807;0.6359099979088595;0.6218277372953278;3.313075232505798;3.622795820236206;0.6396999955177307;0.5840000038345655;
473799.4203567505;751.7683506011963;0.5027023591109012;0.5901024251330851;0.5780140698074524;3.0770801530943976;3.3631527423858643;0.5932999849319458;0.5419999983575609;
473799.4203567505;780.6024551391602;0.4843000466996757;0.5488995344090398;0.5447319390474549;2.74941617515352;3.0731356143951416;0.5519999861717224;0.5244444439808528;
473799.4203567505;812.5176429748535;0.5260988549269256;0.507479863119524;0.5135179581968277;2.2782888727055655;2.9072659015655518;0.5098000168800354;0.5444444431198968;
473799.4203567505;815.0315284729004;0.5273281633722096;0.5385850411398112;0.542624529466636;2.2077887011898887;2.297532320022583;0.5437999963760376;0.48466666605737474;
473799.4203567505;796.1602210998535;0.5514623784456707;0.47727187040515046;0.4614397634842418;2.0999519682592815;2.2186806201934814;0.48669999837875366;0.46977777750127847;
473799.4203567505;807.9602718353271;0.5619248419043118;0.44169612862829527;0.42371220923100716;2.205986643499798;2.2816998958587646;0.45190000534057617;0.496222220444017;
473799.4203567505;701.2937068939209;0.5982277940912606;0.4781330548603764;0.45336092872980177;1.980970518456565;2.1990818977355957;0.48510000109672546;0.4757777795609501;
473799.4203567505;831.505537033081;0.5568357890371629;0.4930445997029054;0.463194405437845;1.8759968943066068;1.9363371133804321;0.5005000233650208;0.47333333277040057;
473799.4203567505;846.1785316467285;0.5197413261486316;0.47078551629132936;0.43736500898068087;2.0959752433829837;1.8479714393615723;0.47859999537467957;0.43111111153331066;
473799.4203567505;719.789981842041;0.547699760009402;0.47628518954833554;0.4393520305805362;1.9760100258721245;1.9808980226516724;0.4828999936580658;0.49555555569628873;
473799.4203567505;784.787654876709;0.5299746949703051;0.4861693681618971;0.4525498622550086;1.7182786504427592;2.0071218013763428;0.4921000003814697;0.5117777785907189;
473799.4203567505;797.6424694061279;0.5758693021559631;0.5108012032968215;0.501386759086797;1.7134661383099026;1.808053731918335;0.5164999961853027;0.5446666667858759;
473799.4203567505;848.9115238189697;0.5894920564730395;0.5141362539997225;0.5108394891594721;1.730527886417177;1.7264539003372192;0.5210000276565552;0.5762222194837199;
473799.4203567505;818.7570571899414;0.5414491734374151;0.5504899918156333;0.5389240214181787;1.5529768804709116;1.7640405893325806;0.5580000281333923;0.6055555547691054;
473799.4203567505;778.2583236694336;0.5450262647668309;0.5847316468354552;0.555615567484496;1.4247203995784123;1.591232180595398;0.5938000082969666;0.6244444453054004;
473799.4203567505;812.690019607544;0.5681356152970797;0.6228514037233798;0.5995336345095336;1.397356014781528;1.391474723815918;0.633400022983551;0.5946666671170129;
473799.4203567505;759.2685222625732;0.5373295101487576;0.6139461237512125;0.5832244551764677;1.2996072058876356;1.3305270671844482;0.623199999332428;0.6388888869020674;
473799.4203567505;807.746171951294;0.581408167726544;0.6355818881284938;0.6323748746892921;1.3186886893378365;1.2970856428146362;0.640999972820282;0.6213333315319485;
473799.4203567505;747.9996681213379;0.5977938130770652;0.6370566419036623;0.6420156973647899;1.2122529062959884;1.2540594339370728;0.6403999924659729;0.6464444451861912;
473799.4203567505;747.2412586212158;0.5981912313269447;0.6345267040058662;0.6407379978965604;1.1954238732655844;1.251685380935669;0.6377000212669373;0.6404444442854987;
473799.4203567505;777.458906173706;0.5597799779673112;0.6222064501086999;0.6102685707815968;1.1825466180841129;1.2099331617355347;0.6262000203132629;0.6373333329955737;
473799.4203567505;821.3343620300293;0.543829794029115;0.6116365363315339;0.5888940916955437;1.1455532790886032;1.205709457397461;0.6169999837875366;0.6542222223348088;
473799.4203567505;843.5337543487549;0.5894475892828432;0.6519159941917735;0.6313055515245644;1.1694595447844929;1.137693166732788;0.6575000286102295;0.6508888858887885;
473799.4203567505;853.4650802612305;0.6204579747431019;0.6704845150354573;0.6534892584484122;1.0676434559954537;1.0914210081100464;0.6761999726295471;0.6462222258249919;
473799.4203567505;833.6281776428223;0.6487072037338908;0.6338878125571468;0.6264118201360858;1.0417404621839523;1.0763366222381592;0.6412000060081482;0.6651111077517271;
473799.4203567505;813.0068778991699;0.6301417016581244;0.6587755512725019;0.648206302591908;1.0366762333446078;1.0276108980178833;0.6656000018119812;0.6724444455570645;
473799.4203567505;863.1918430328369;0.65997220948416;0.661778907722181;0.6671756531635229;0.9435541924503115;1.0132172107696533;0.6662999987602234;0.7068888823191325;
473799.4203567505;807.2843551635742;0.621422704412355;0.6848300660539636;0.6857357278212148;1.0648985475301742;0.9603898525238037;0.6909000277519226;0.652444444431199;
473799.4203567505;841.3097858428955;0.6016001345120418;0.6449976621883051;0.634434411970951;0.9886046608289083;1.035680890083313;0.6513000130653381;0.6855555549263954;
473799.4203567505;812.7596378326416;0.6111347746542238;0.6410560078296308;0.6169389733871474;0.9515926362739668;1.0595948696136475;0.6478999853134155;0.689111112554868;
473799.4203567505;816.1892890930176;0.6246067328290936;0.6719582347681922;0.6536189801926752;0.95339096105761;0.976917564868927;0.6794999837875366;0.7013333333863152;
473799.4203567505;801.5909194946289;0.6375953517940406;0.7196153364488187;0.7152572964502208;0.9045435688561864;0.887643575668335;0.7265999913215637;0.7079999989933438;
473799.4203567505;764.9257183074951;0.639290461875319;0.7122526776430639;0.7137727080076022;0.9317755945854717;0.8984646201133728;0.7170000076293945;0.6833333349890179;
473799.4203567505;861.8936538696289;0.6470473830820599;0.6777688956781582;0.6808589882995992;0.8570590529176924;0.9463898539543152;0.6814000010490417;0.7442222237586975;
473799.4203567505;759.0503692626953;0.6808592172701558;0.7318894371500082;0.7349482810060701;0.8361432515912586;0.8551368117332458;0.7343000173568726;0.7406666649712457;
473799.4203567505;742.279052734375;0.7002179579649396;0.7478660726297711;0.7546159081934125;0.8244273626142078;0.8115072250366211;0.7520999908447266;0.7624444425106048;
473799.4203567505;781.5701961517334;0.6976387599506175;0.7547897780635383;0.7534635094235396;0.892100163963106;0.8077055215835571;0.7608000040054321;0.735111110607783;
473799.4203567505;817.0959949493408;0.7023852291995918;0.7327495683066141;0.7323390037438386;0.8039960712194443;0.8231840133666992;0.7389000058174133;0.7124444426761734;
473799.4203567505;806.4453601837158;0.718998006459245;0.6836332753297464;0.6617650561265812;0.850351627667745;0.8454302549362183;0.6894999742507935;0.7286666705873277;
473799.4203567505;807.3580265045166;0.7151377823115175;0.6918831773101132;0.7249278177873031;0.7038606013688776;0.8436404466629028;0.7254999876022339;0.7102222255865733;
