929035.478591919;1394.3800926208496;0.08134985192843419;0.11269999999999998;0.05882449453054768;2.3791381239891054;2.4115893840789795;0.11270000040531158;0.10239999941550196;
929035.478591919;959.6352577209473;0.09299499382984987;0.10270000000000001;0.06987391793071479;2.3033111810684206;2.3830392360687256;0.10270000249147415;0.12479999903589487;
929035.478591919;1003.7131309509277;0.0329191140307403;0.09770000000000001;0.06457761115606517;2.3463995774586994;2.397265911102295;0.09769999980926514;0.13493333278844755;
929035.478591919;984.4553470611572;0.0264158708530216;0.10800000000000001;0.050066152768969294;2.3442127227783205;2.435743808746338;0.1080000028014183;0.1322666688201328;
929035.478591919;991.1088943481445;0.04249073132580498;0.12039999999999998;0.06132765434184782;2.287163233757019;2.4063897132873535;0.12039999663829803;0.17786666546016933;
929035.478591919;982.1701049804688;0.04199903431036742;0.138;0.07921999981991903;2.2385610580444335;2.409356117248535;0.1379999965429306;0.170639999757210414;
929035.478591919;1048.7515926361084;0.03163418493895038;0.1514;0.07784237325198062;2.4615548690160116;2.47786021232605;0.15139999985694885;0.16586666374156872;
929035.478591919;996.039628982544;0.04611041932754004;0.1717;0.0793551422272043;2.3518805424372355;2.436413049697876;0.17170000076293945;0.14293333540360134;
929035.478591919;1013.2131576538086;0.0999736367116519;0.1759;0.12750731930294545;2.242867088317871;2.2942183017730713;0.17589999735355377;0.19306666776537895;
929035.478591919;901.3235569000244;0.06263119332941806;0.15460000000000002;0.08697628964963203;2.306558918952942;2.369338274002075;0.15459999442100525;0.1689333358158668;
929035.478591919;1064.2998218536377;0.13044941840534422;0.17709999999999998;0.10367534694580434;2.34111487865448;2.4676270484924316;0.17710000276565552;0.17386666436990103;
929035.478591919;1017.4560546875;0.1570999922309549;0.1692;0.0850701270529605;2.225297466913859;2.2885921001434326;0.16920000314712524;0.1976000006000201;
929035.478591919;1022.193431854248;0.14127927448996728;0.20429999999999998;0.1396243546352724;2.4155534346898397;2.367189407348633;0.20430000126361847;0.23386666746810078;
929035.478591919;821.9778537750244;0.14907167865256424;0.2;0.14627131329497703;2.237097958723704;2.5008254051208496;0.20000000298023224;0.2781333381620546;
929035.478591919;1017.4257755279541;0.1712024595021302;0.20390000000000003;0.14013397376333964;2.28478798866272;2.563188076019287;0.20389999449253082;0.2666666611097753;
929035.478591919;948.3182430267334;0.1562209961576494;0.20799999999999996;0.1298508875506886;2.317743682861328;2.504361629486084;0.20800000429153442;0.183733329984049;
929035.478591919;998.0878829956055;0.16744940577973336;0.17170000000000002;0.1426470415589975;2.183806610107422;2.2647998332977295;0.17170000076293945;0.21306666592136025;
929035.478591919;943.8991546630859;0.2055730766130863;0.19119999999999998;0.13934637120170795;2.3404701987902325;2.2023255825042725;0.19120000302791595;0.1789333328915139;
929035.478591919;960.1635932922363;0.18983264840539336;0.13899999999999998;0.09105242497631859;2.5099900484085085;2.5829145908355713;0.13899999856948853;0.16080000062162678;
929035.478591919;949.7923851013184;0.1491268444888876;0.12050000000000001;0.06096446610268589;2.0326574166615803;2.7360124588012695;0.12049999833106995;0.2623999984624485;
929035.478591919;915.3232574462891;0.1991068644072978;0.2008;0.16371138107281197;2.1343597173690796;2.424346685409546;0.20080000162124634;0.26826666984707115;
929035.478591919;911.5476608276367;0.2009165922253416;0.21959999999999996;0.14181253398678512;2.529039458433787;2.3985414505004883;0.21960000693798065;0.20933333386977512;
929035.478591919;912.8143787384033;0.18638241535185277;0.1833;0.10542560011056538;2.2012698650360107;2.5324971675872803;0.18330000340938568;0.3042666643237074;
929035.478591919;856.9183349609375;0.09170177339157907;0.22430000000000003;0.1323062268427506;2.5753104090690613;2.6506168842315674;0.22429999709129333;0.24853333632151287;
929035.478591919;981.11891746521;0.10474672493917898;0.20049999999999998;0.11629308882457075;2.8575603008270263;2.776472568511963;0.2004999965429306;0.15360000071426233;
929035.478591919;889.7883892059326;0.13518941198802845;0.13340000000000002;0.06463791041026716;2.35236713886261;2.9090938568115234;0.13339999318122864;0.19093333408236504;
929035.478591919;1013.653039932251;0.14671728897534817;0.1463;0.09885268905116715;2.634812128543854;2.68511962890625;0.14630000293254852;0.20480000358074904;
929035.478591919;900.6900787353516;0.218803521424441;0.1561;0.05710024658401349;2.596889853477478;2.704078435897827;0.15610000491142273;0.15786666854595144;
929035.478591919;964.4002914428711;0.1532745338835386;0.15910000000000002;0.06619259052685667;2.14091268380483;2.667503833770752;0.1590999960899353;0.29386666606490813;
929035.478591919;913.3749008178711;0.19099150195295226;0.22749999999999995;0.1580964906663045;2.3871570229530334;2.389580249786377;0.22750000655651093;0.16800000093256434;
929035.478591919;1000.2515316009521;0.1914350014755425;0.1975;0.1449002221488777;2.2656801462173464;2.409754753112793;0.19750000536441803;0.19733333646630247;
929035.478591919;977.0622253417969;0.1822691479701681;0.19949999999999998;0.13568375378665495;2.1247694571812947;2.344233989715576;0.19949999451637268;0.24026666755477588;
929035.478591919;977.2632122039795;0.3061164260012188;0.233;0.15127669094699978;2.0554017225901284;2.198701858520508;0.2329999953508377;0.23173333009084066;
929035.478591919;900.0594615936279;0.239764289267212;0.27009999999999995;0.22353251992460108;2.1200280586878457;2.0356712341308594;0.2700999975204468;0.2210666680087646;
929035.478591919;976.4769077301025;0.31890176042181426;0.23349999999999999;0.18297381281938327;2.180178225040436;2.1579513549804688;0.23350000381469727;0.21386666614562272;
929035.478591919;998.934268951416;0.17703241718543636;0.16970000000000002;0.09018083650490871;2.214811420440674;2.41542649269104;0.1696999967098236;0.19093333684528868;
929035.478591919;969.5534706115723;0.1961409130887791;0.1799;0.1091300065268646;2.156977391242981;2.35790753364563;0.17990000545978546;0.2303999986809989;
929035.478591919;933.2706928253174;0.1789159108695534;0.19190000000000002;0.14296902760095753;2.2520972808202107;2.2554774284362793;0.19189999997615814;0.16613333259398738;
929035.478591919;1036.957025527954;0.25286833960838804;0.18380000000000002;0.147793326647284;2.118793733914693;2.284101724624634;0.18379999697208405;0.2328000022408863;
929035.478591919;681.8892955780029;0.2069431825000251;0.24430000000000002;0.2087255782437288;2.0324324210484823;2.0938799381256104;0.2442999929189682;0.2594666716642678;
929035.478591919;938.1191730499268;0.24082974323543425;0.21639999999999998;0.15555859088721063;2.1245407342910765;2.112692356109619;0.21639999747276306;0.20533333228280146;
929035.478591919;948.7879276275635;0.29867821498659517;0.23179999999999995;0.14563337786767266;2.1352120637893677;2.1680490970611572;0.23180000483989716;0.25200000054513416;
929035.478591919;1050.1155853271484;0.2270406402416209;0.2713;0.23299100500246742;2.1128907601038613;2.103456735610962;0.27129998803138733;0.22746666961659986;
929035.478591919;937.2966289520264;0.24107089353618664;0.2571;0.212841302270375;1.9616273482640585;2.0815651416778564;0.257099986076355;0.2760000017782052;
929035.478591919;906.0554504394531;0.2074069069059834;0.24100000000000002;0.20555165657006663;2.013784567515055;2.0576486587524414;0.2409999966621399;0.25760000068694355;
929035.478591919;811.7249011993408;0.23908011639841873;0.2518;0.1950182236241718;1.9246696472167968;2.050286054611206;0.251800000667572;0.3434666655957699;
929035.478591919;987.1468544006348;0.177888073312356;0.2785;0.21456218694068802;2.139219029744466;2.0671870708465576;0.2784999907016754;0.24453333591421444;
929035.478591919;896.796464920044;0.1855096424030429;0.24430000000000002;0.1743716270954917;2.054932649930318;2.160863161087036;0.2442999929189682;0.28799999443193275;
929035.478591919;1033.0603122711182;0.2857442881165972;0.2528;0.19485785394863592;1.9780725717544556;2.172746181488037;0.25279998779296875;0.26346666378279526;
929035.478591919;978.6901473999023;0.2642720339674028;0.2132;0.1613662671457335;2.042400868733724;2.1866447925567627;0.21320000290870667;0.2658666672805945;
929035.478591919;1022.4456787109375;0.1936813686696623;0.2466;0.18258518425341844;2.0936973810195925;2.1378469467163086;0.24660000205039978;0.2501333326101303;
929035.478591919;996.4354038238525;0.16416338016940266;0.269;0.22324217955972778;2.054256558418274;2.1179630756378174;0.26899999380111694;0.2746666693749527;
929035.478591919;933.5460662841797;0.1820545535701545;0.2652;0.2121117509621783;2.0083726088205975;2.105531930923462;0.2651999890804291;0.32506666574627163;
929035.478591919;948.4152793884277;0.30442840693404297;0.27040000000000003;0.22492225708264718;2.06688711643219;2.11200213432312;0.2703999876976013;0.29013333693146703;
929035.478591919;954.2295932769775;0.35067453141618874;0.24819999999999998;0.20143323600286203;2.0358150720596315;2.159688711166382;0.24819999933242798;0.2698666719098886;
929035.478591919;1027.968168258667;0.27137938092821515;0.24020000000000002;0.19144675242339454;2.1525046984354654;2.162224531173706;0.2401999980211258;0.22826666596035164;
929035.478591919;973.3188152313232;0.2750611858983526;0.21739999999999998;0.16199099075228676;2.063250120480855;2.1304244995117188;0.21739999949932098;0.263199999431769;
929035.478591919;1005.2099227905273;0.24566319342064805;0.23820000000000002;0.18515805196405186;2.2671691020329794;2.196978807449341;0.23819999396800995;0.19920000117272138;
929035.478591919;875.3359317779541;0.2540080922021391;0.2592;0.20496045669882265;1.9411348422368369;2.096235513687134;0.25920000672340393;0.28693333389237524;
929035.478591919;963.738203048706;0.2593176724417645;0.25460000000000005;0.19455176680986636;1.9291978359222413;2.042431354522705;0.25459998846054077;0.30586667036016785;
929035.478591919;1006.1202049255371;0.2516124071885849;0.28409999999999996;0.23328532503968277;1.9795950730641683;1.977506399154663;0.2840999960899353;0.26426666726668674;
929035.478591919;931.2670230865479;0.25744913817823987;0.2694;0.23019693368651722;1.9430358330408732;1.9893718957901;0.2694000005722046;0.2775999980047345;
929035.478591919;930.6960105895996;0.22968032442860457;0.2271;0.17347249630779832;2.0905373175938924;2.1254782676696777;0.22709999978542328;0.2522666636543969;
929035.478591919;954.3948173522949;0.158847582151449;0.23079999999999998;0.17787774396769895;2.130830979347229;2.272280216217041;0.23080000281333923;0.2847999991538624;
929035.478591919;922.0952987670898;0.21149090294440906;0.2359;0.17948873507186597;2.0729074915250143;2.2635200023651123;0.23589999973773956;0.2786666671435038;
929035.478591919;870.8858489990234;0.2573147903342656;0.21969999999999995;0.16118187579319354;2.0233171145121256;2.1897177696228027;0.21969999372959137;0.2999999985098839;
929035.478591919;959.787130355835;0.13481454936936075;0.2771;0.21386518086326212;2.189898681640625;2.163699150085449;0.27709999680519104;0.2429333326096336;
929035.478591919;1014.9209499359131;0.1632693222449872;0.2822;0.22228708975872252;1.9766688346862793;2.0866501331329346;0.28220000863075256;0.2781333336606622;
929035.478591919;915.1546955108643;0.27161996555450616;0.2657;0.2264146091755122;2.0069281498591107;2.0381112098693848;0.26570001244544983;0.2645333365847667;
929035.478591919;966.3276672363281;0.2794146806502723;0.2465;0.20535125708105245;2.042700449625651;2.0578906536102295;0.24650000035762787;0.294133333178858;
929035.478591919;904.5119285583496;0.31913397949712483;0.2424;0.1769283637806915;2.1938959121704102;2.1822993755340576;0.24240000545978546;0.23440000334133704;
929035.478591919;901.0500907897949;0.2076550015215277;0.25229999999999997;0.19233197610297106;2.1486275593439736;2.1744749546051025;0.2522999942302704;0.2866666706589361;
929035.478591919;1008.9082717895508;0.2658612893983181;0.2575;0.19479898737051335;1.9953802188237508;2.097487449645996;0.2574999928474426;0.292266670272996;
929035.478591919;962.1837139129639;0.1924848626762991;0.2594;0.179697134577755;2.2216391563415527;2.1619226932525635;0.25940001010894775;0.2866666671819985;
929035.478591919;1030.3702354431152;0.21630632910467027;0.24020000000000002;0.17201810432904224;2.3115078369776407;2.257066488265991;0.2401999980211258;0.2645333365847667;
