536950.2220153809;1191.650629043579;0.1193020659926181;0.09219999999999999;0.04117352641256626;288.41549137036003;202.1195831298828;0.09220000356435776;0.3254999986539284;
536950.2220153809;763.2653713226318;0.2874952380186622;0.3217;0.21719064197969526;406.8227197612958;288.3021545410156;0.32170000672340393;0.19777777728935084;
536950.2220153809;834.8665237426758;0.2552820482600876;0.1695;0.10275054858460515;190.11605645219484;572.2941284179688;0.16949999332427979;0.451555557631784;
536950.2220153809;775.8266925811768;0.3269236751814832;0.3552;0.26982238382284635;152.63769761305096;304.26727294921875;0.35519999265670776;0.31600000171197784;
536950.2220153809;813.6081695556641;0.2360033862015393;0.2367;0.1320250780471303;59.77769401868184;273.39605712890625;0.23669999837875366;0.47844444662332536;
536950.2220153809;783.6990356445312;0.29244358984293184;0.36039999999999994;0.27808782155247685;30.700842351754687;109.04049682617188;0.36039999127388;0.39155555752416454;
536950.2220153809;824.1748809814453;0.42967127811704564;0.3017;0.2019889260605579;6.382656394110786;37.910743713378906;0.30169999599456787;0.5571111158364349;
536950.2220153809;763.6067867279053;0.46879213899868655;0.426;0.3540506293064352;4.545003057519595;13.066304206848145;0.4259999990463257;0.5911111114339695;
536950.2220153809;861.0002994537354;0.44027359690460166;0.4516;0.38907714206653254;4.105245175626543;9.952360153198242;0.45159998536109924;0.6068888901836342;
536950.2220153809;794.8331832885742;0.44555732189810887;0.4673;0.4007936032091492;3.491322503818406;8.968818664550781;0.4672999978065491;0.6160000005116065;
536950.2220153809;785.5453491210938;0.4696213733963631;0.469;0.4030009136445621;3.214036935236719;7.927396297454834;0.4690000116825104;0.6224444463021226;
536950.2220153809;840.3298854827881;0.4514178587874376;0.47709999999999997;0.4116806256846159;3.004363868302769;7.600254535675049;0.4771000146865845;0.6257777781536181;
536950.2220153809;785.3078842163086;0.46143506135254614;0.4747;0.41260596902814417;2.7636212117142147;7.549623489379883;0.474700003862381;0.6277777776122093;
536950.2220153809;817.8644180297852;0.4698749673136559;0.4787;0.4171313499846976;2.5847767879565557;7.140780448913574;0.47870001196861267;0.6319999997814496;
536950.2220153809;740.8106327056885;0.46553766358881654;0.4812;0.4216485011492751;2.4579514927334256;7.0119829177856445;0.4812000095844269;0.6351111123131381;
536950.2220153809;747.0996379852295;0.4538889236546838;0.4878;0.42279501971690137;2.3055513319041996;7.017751693725586;0.4878000020980835;0.5846666654778852;
536950.2220153809;771.3520526885986;0.4432838906811307;0.4559;0.40091452807962547;2.314288782742288;7.210979461669922;0.45590001344680786;0.6291111087219583;
536950.2220153809;804.955244064331;0.4491006525244286;0.4838;0.4131234867748074;2.3204992360538905;7.633355617523193;0.4837999939918518;0.5682222226427661;
536950.2220153809;821.984052658081;0.4454647671524644;0.4424;0.397789001551963;2.190463262134128;7.588304042816162;0.4424000084400177;0.6439999991406997;
536950.2220153809;727.2803783416748;0.4585639950618459;0.4911;0.41338046757397046;2.312655814488729;7.923323631286621;0.491100013256073;0.5731111067450709;
536950.2220153809;844.2926406860352;0.43461461915238847;0.43879999999999997;0.37491270383776665;2.5716704418261846;7.602469444274902;0.43880000710487366;0.6471111103478405;
536950.2220153809;800.5781173706055;0.4474854964197088;0.49219999999999997;0.406385301736064;1.8469960937897365;8.105188369750977;0.49219998717308044;0.5664444430006875;
536950.2220153809;833.4667682647705;0.4564900476191328;0.45339999999999997;0.4152617034234168;1.7236973815494114;6.499938488006592;0.45339998602867126;0.6520000001622571;
536950.2220153809;806.7526817321777;0.44390585006490235;0.49539999999999995;0.42266968550059125;1.5745449370808071;7.027211666107178;0.49540001153945923;0.6044444467872381;
536950.2220153809;816.42746925354;0.4352413022672804;0.4697;0.4022734997737478;1.62291403081682;6.9569244384765625;0.46970000863075256;0.6424444424195422;
536950.2220153809;793.9283847808838;0.4490529922158547;0.48819999999999997;0.40879602210998456;1.7851881712675095;7.413365840911865;0.48820000886917114;0.589333332868086;
536950.2220153809;799.3037700653076;0.449491484353534;0.45439999999999997;0.3983914664423608;2.1451258349749778;7.771993160247803;0.4544000029563904;0.6471111108445459;
536950.2220153809;703.6089897155762;0.44614800807726895;0.4952;0.4097972320950176;1.6002960095802943;8.577056884765625;0.4952000081539154;0.5671111118462351;
536950.2220153809;807.6999187469482;0.4562225953098692;0.4585;0.41023373728038076;1.6419800559679667;8.13375473022461;0.4584999978542328;0.6593333356910281;
536950.2220153809;778.3341407775879;0.44928121821980965;0.5007;0.42937860525294436;1.5151818311876721;8.188455581665039;0.5006999969482422;0.6435555523054467;
536950.2220153809;798.8831996917725;0.44994104352884656;0.4883;0.41296612122897536;1.4233694669273165;8.4867525100708;0.48829999566078186;0.6282222232056989;
536950.2220153809;739.8600578308105;0.4520847865567319;0.4728;0.4089659465823733;1.7459340655141407;8.507407188415527;0.47279998660087585;0.6095555559214618;
536950.2220153809;806.7214488983154;0.4507164091977075;0.46160000000000007;0.38661419412193276;2.2053879847129187;9.71583080291748;0.46160000562667847;0.6204444424145752;
536950.2220153809;833.5630893707275;0.4486121556861907;0.4665;0.39904887782273823;1.7665473832024468;9.766824722290039;0.46650001406669617;0.6333333325882753;
536950.2220153809;680.6037425994873;0.48100063508464885;0.5112;0.44013860123362675;1.4487582814362314;9.101698875427246;0.5112000107765198;0.6624444493403038;
536950.2220153809;721.7702865600586;0.4581774662845513;0.5051;0.43211417686253917;1.2306855701737933;9.374271392822266;0.5051000118255615;0.6417777719597022;
536950.2220153809;749.3634223937988;0.46213490529114243;0.4822;0.41267325538148425;1.9601188043753306;9.736944198608398;0.4821999967098236;0.5964444461796019;
536950.2220153809;832.0982456207275;0.45568248974447634;0.4509;0.3777147813094192;2.8373836546308464;10.65190315246582;0.45089998841285706;0.5915555554545588;
536950.2220153809;805.6232929229736;0.48052551966914203;0.44939999999999997;0.38813782548551623;1.9484750726156765;11.102571487426758;0.44940000772476196;0.6308888887365659;
536950.2220153809;829.9217224121094;0.4501871204277765;0.5016999999999999;0.42127087302478755;1.5372803710401057;9.224607467651367;0.5016999840736389;0.6404444498320421;
536950.2220153809;784.5604419708252;0.4337641390775956;0.4795999999999999;0.39279735583818165;2.1819477346208362;10.51747989654541;0.4796000123023987;0.606444441775481;
536950.2220153809;821.3541507720947;0.45968807949729973;0.4513;0.38357009905216777;2.34898989846309;11.487083435058594;0.4512999951839447;0.6397777784201834;
536950.2220153809;850.0881195068359;0.4975376468289128;0.5153000000000001;0.4406116740058266;2.1746568587091235;10.671061515808105;0.5152999758720398;0.5788888890710142;
536950.2220153809;842.4110412597656;0.4373230041562337;0.43360000000000004;0.3515791268616848;3.1389924444154733;10.823328018188477;0.4336000084877014;0.5733333346744378;
536950.2220153809;849.0352630615234;0.45626390379063864;0.4335000000000001;0.36444542654986567;2.0840774363941614;11.539176940917969;0.4334999918937683;0.6362222173147731;
536950.2220153809;785.717248916626;0.4905248993475232;0.5213;0.44596844407398245;1.7462741514046987;10.180359840393066;0.5213000178337097;0.6648888862381379;
536950.2220153809;807.1751594543457;0.44405936827827;0.4973000000000001;0.4148910486671264;2.0156407922506334;10.716569900512695;0.49729999899864197;0.636888885911968;
536950.2220153809;750.4613399505615;0.4721053350152916;0.47759999999999997;0.40610325448394935;1.965164715051651;11.223454475402832;0.47760000824928284;0.6464444455587202;
536950.2220153809;820.3225135803223;0.48682449852563303;0.5155000000000001;0.44733100458991437;1.399734847413169;10.850825309753418;0.515500009059906;0.6435555546647973;
536950.2220153809;818.5460567474365;0.4467694148296955;0.4835;0.402408698434879;1.98718451121822;10.582444190979004;0.48350000381469727;0.603333335618178;
