536722.0914363861;1223.1504917144775;0.06592027586255457;0.1004;0.07082769474619716;511.5816263327996;238.60922241210938;0.10040000081062317;0.19683333371455472;
536722.0914363861;822.9918479919434;0.051386601400036244;0.1938;0.0765232462696335;736.0560133863279;510.8157043457031;0.19380000233650208;0.1491111113379399;
536722.0914363861;817.8598880767822;0.13015016060993073;0.11220000000000001;0.03534157345038183;728.1635478523838;826.7598266601562;0.11219999939203262;0.33688888806435796;
536722.0914363861;838.7444019317627;0.13744773938788746;0.24409999999999998;0.14809349627465568;248.54734273603557;788.1512451171875;0.24410000443458557;0.23311111413770252;
536722.0914363861;738.1031513214111;0.12100239843276332;0.17099999999999999;0.0808907252054193;125.22462640210838;272.2950744628906;0.17100000381469727;0.23777777697477076;
536722.0914363861;800.1439571380615;0.20107128092789303;0.1785;0.09137258416323946;41.64399762948354;165.21652221679688;0.1784999966621399;0.35177777546147504;
536722.0914363861;811.4089965820312;0.25407475859153594;0.28300000000000003;0.19839934853355615;4.9778143485387165;54.659873962402344;0.28299999237060547;0.42200000228153334;
536722.0914363861;816.3917064666748;0.35409269722691744;0.3335;0.2802037362891682;3.5364888747533163;9.75241756439209;0.3334999978542328;0.433333332132962;
536722.0914363861;826.69997215271;0.3744713618660283;0.33609999999999995;0.30699630628447977;3.2674642894003125;7.773216247558594;0.3361000120639801;0.4524444416165352;
536722.0914363861;867.326021194458;0.41556349076875926;0.3476;0.32510653412905655;3.027529799938202;7.524547100067139;0.3476000130176544;0.4953333295053906;
536722.0914363861;776.5014171600342;0.4362500658002676;0.3875;0.35421082315577823;2.8348885589175756;7.260895252227783;0.38749998807907104;0.48466666444308226;
536722.0914363861;808.281660079956;0.42093385447114506;0.377;0.3405898615101423;2.778699689441257;6.598677158355713;0.37700000405311584;0.49666666636864343;
536722.0914363861;778.9218425750732;0.44326805032637717;0.399;0.363842147151994;2.559689105881585;6.83750057220459;0.39899998903274536;0.5017777762479252;
536722.0914363861;829.857349395752;0.44279396795464265;0.3946;0.35582343926501525;2.5924389958381653;6.223463535308838;0.3946000039577484;0.5075555564628706;
536722.0914363861;804.1665554046631;0.45191242321771813;0.4048;0.36392276144839675;2.398283823331197;6.767333030700684;0.4047999978065491;0.4857777749912606;
536722.0914363861;768.2843208312988;0.4385674214795273;0.3832;0.3397264310480545;2.5496098491880628;6.154667377471924;0.3831999897956848;0.43844444333679145;
536722.0914363861;780.1594734191895;0.4453111125663257;0.3497;0.3209808036351286;2.369781201415592;7.302582263946533;0.349700003862381;0.49711111018227205;
536722.0914363861;796.196460723877;0.4296964385959251;0.3917;0.34007169463805526;2.476659129725562;6.516224384307861;0.39169999957084656;0.4542222169124418;
536722.0914363861;779.1955471038818;0.4461457591478092;0.363;0.32573834605633667;2.218189822302924;7.213467121124268;0.3630000054836273;0.5095555578254991;
536722.0914363861;848.0746746063232;0.4347108102127348;0.4053;0.3505785325896551;2.331260767247942;6.116786956787109;0.40529999136924744;0.44822222035792136;
536722.0914363861;817.6698684692383;0.451003976978709;0.3649;0.325209599396029;2.344328804810842;7.197841644287109;0.36489999294281006;0.5019999973062012;
536722.0914363861;842.3094749450684;0.4290564875915338;0.3931;0.3359217352467053;2.802239954471588;6.5425705909729;0.39309999346733093;0.4893333297636774;
536722.0914363861;780.2448272705078;0.44583029584943945;0.3859;0.33366461707099293;2.0209670841693876;8.71367359161377;0.38589999079704285;0.5008888865096701;
536722.0914363861;782.7455997467041;0.44805893645190065;0.39709999999999995;0.3429590945794755;2.2034459008110896;6.368620872497559;0.3971000015735626;0.49400000013411044;
536722.0914363861;805.0017356872559;0.4268381230465761;0.38989999999999997;0.3458190700858493;2.0871580329206254;8.841650009155273;0.38989999890327454;0.48066666829917165;
536722.0914363861;842.6997661590576;0.41883796159616304;0.37720000000000004;0.31731796153256486;2.3794638415177665;6.246213436126709;0.37720000743865967;0.47755555365648533;
536722.0914363861;779.395580291748;0.44683429408012076;0.3842;0.3276150996799597;2.2633075995577707;7.560101509094238;0.38420000672340393;0.5068888877414994;
536722.0914363861;847.6004600524902;0.449560800467345;0.4093;0.34785695118386223;2.1476457324292926;8.606005668640137;0.4092999994754791;0.5615555545936028;
536722.0914363861;816.9286251068115;0.42692920480502305;0.4434000000000001;0.38593269727441204;1.6078959888882107;8.447585105895996;0.44339999556541443;0.5697777784946892;
536722.0914363861;787.9681587219238;0.4226323733629777;0.4563;0.38638296503717945;1.6579803460174136;7.198604106903076;0.4562999904155731;0.549777774595552;
536722.0914363861;794.3029403686523;0.4460874307211701;0.4424;0.3849485407738862;1.7996392726898194;8.363664627075195;0.4424000084400177;0.534222220381101;
536722.0914363861;805.6430816650391;0.44337268551955356;0.4296000000000001;0.3699865717864933;2.5508858952257367;8.268872261047363;0.4296000003814697;0.5080000028428104;
536722.0914363861;812.9053115844727;0.4235951992862632;0.404;0.3474688581389637;1.7956922193368277;9.620461463928223;0.40400001406669617;0.549777778196666;
536722.0914363861;833.9769840240479;0.41488800533716236;0.4457;0.38579962866831735;1.5295609030458661;8.358866691589355;0.4456999897956848;0.5960000000480149;
536722.0914363861;801.8300533294678;0.39219784850063816;0.4779000000000001;0.4076716400918852;1.5888478222820495;8.019084930419922;0.4778999984264374;0.5479999989685085;
536722.0914363861;721.9502925872803;0.4249929373487748;0.4388000000000001;0.3898178240377536;1.7391396588749355;8.741835594177246;0.43880000710487366;0.5868888887680239;
536722.0914363861;818.9496994018555;0.43201464305144066;0.47020000000000006;0.4075795297060626;2.0109821101029715;8.987711906433105;0.4702000021934509;0.5211111094802618;
536722.0914363861;809.4649314880371;0.4867642142724001;0.4184000000000001;0.3716902438364068;2.116425697008769;8.830513000488281;0.41839998960494995;0.5939999993476602;
536722.0914363861;814.0585422515869;0.40412222926449165;0.4796;0.3988381051553339;1.7312772664758893;9.092893600463867;0.4796000123023987;0.584444443964296;
536722.0914363861;798.9938259124756;0.3952537187062316;0.4704;0.39318712674432543;1.8034499684969585;8.868619918823242;0.47040000557899475;0.5815555527392361;
536722.0914363861;781.8875312805176;0.37488271932613365;0.46929999999999994;0.3761249690020569;1.5215942846404182;8.33615779876709;0.4693000018596649;0.5864444415188498;
536722.0914363861;846.3692665100098;0.41752844374357023;0.4713;0.4045257261560823;1.913544378678004;8.7686185836792;0.47130000591278076;0.5715555552393198;
536722.0914363861;818.1004524230957;0.418008192858358;0.45699999999999996;0.37660010900463964;2.2986648897329967;8.931595802307129;0.4569999873638153;0.511777776438329;
536722.0914363861;816.9925212860107;0.39686137416999195;0.41319999999999996;0.3485644164335863;1.8113916178544363;9.289024353027344;0.4131999909877777;0.604444444593456;
536722.0914363861;750.516414642334;0.42703408655443253;0.4878;0.4112963552004311;1.4540756278567843;8.766876220703125;0.4878000020980835;0.5864444440851609;
536722.0914363861;790.0254726409912;0.38596978523022407;0.4718;0.3854021451820625;1.3793107446697024;9.315400123596191;0.4717999994754791;0.5526666644960642;
536722.0914363861;798.5789775848389;0.44276919403060555;0.453;0.37485400377489514;2.031654140022066;8.006917953491211;0.453000009059906;0.48244444272584386;
536722.0914363861;757.1985721588135;0.37646553419262785;0.39769999999999994;0.31883284227863734;2.668214027418031;9.728513717651367;0.3977000117301941;0.5571111049503088;
536722.0914363861;834.2809677124023;0.43862857039833913;0.45220000000000005;0.36211480180879263;2.3775520304838818;9.866851806640625;0.4521999955177307;0.4886666661749283;
536722.0914363861;842.5674438476562;0.3443316228085924;0.39959999999999996;0.310515646027405;1.792372159825431;9.714334487915039;0.39959999918937683;0.5899999996440278;
